1978
1002
1737
360
4002
623
8557
2776
8161
6533
5867
3944
6025
4680
6641
8309
3685
6936
538
1022
4630
4532
2223
1472
14
2177
7434
4955
8084
1918
2266
3210
1877
7090
554
4682
2816
1954
7959
8294
3297
5571
212
4024
7792
2333
8626
5711
8417
1962
7294
6523
567
3142
637
5639
4381
1017
1543
2291
461
4967
5527
2304
3912
5633
1544
7021
1087
3404
8538
6706
3558
3777
315
6594
5221
3881
6237
4864
6919
5903
3101
2063
3469
1349
239
6300
8549
1483
664
4602
1995
7242
6120
6006
3847
6741
3783
1346
4038
2483
2132
1417
2754
1374
3939
4333
2576
4860
7542
811
4726
3567
6503
5160
1971
921
7753
6989
2926
7889
1193
8532
6577
856
6504
8295
6634
841
221
2991
4071
304
6381
2498
4655
1701
4723
1075
2006
2897
2321
4816
5199
4620
2688
5538
23
1090
2302
7007
3859
1532
6782
4209
3039
3973
5572
93
4434
1287
5210
4960
5138
1790
4584
7796
6242
7584
5422
3208
2582
33
5456
7623
2191
5130
668
3265
8280
7842
2663
88
3410
5793
7578
3379
6275
1139
5231
7585
7145
2145
222
4332
4013
5547
4836
8476
8675
5333
1168
8391
8564
1691
5048
6723
6058
3624
7819
6384
7927
7685
5344
6040
8409
6761
5858
5674
8014
7514
17
7517
5162
7914
5219
1038
5388
429
6044
3482
4128
2918
8670
4801
6345
8589
5710
5318
8354
2992
7699
5270
1747
3721
5756
8328
1339
4721
7760
1862
4899
1233
6451
5402
5272
5684
6580
908
601
5514
6572
7165
3905
3941
8530
940
3984
3908
5186
5836
2922
4412
3003
185
6664
4825
3477
7205
3413
318
3246
4294
6214
6657
5190
4773
346
5062
6908
789
5873
3479
6424
7106
5185
245
4712
5551
763
3795
6192
8511
8474
4280
6482
7074
6536
5349
353
2939
7396
4891
233
5948
3346
5688
604
8109
833
6869
3299
3969
6739
5701
6794
5525
19
7096
3217
2913
319
733
5746
7580
3668
7705
8228
5668
4165
169
8339
3082
8
7545
5758
682
8553
8011
5103
4597
6454
4487
4562
4767
8303
8250
8399
4906
6835
4722
5155
8183
6718
7426
487
8666
5391
5023
8185
758
511
3794
7442
6080
3341
4740
5939
509
6458
7263
3518
4119
3328
4354
4031
3803
2859
4963
6628
3817
647
4373
4217
7750
6756
453
8485
4771
1027
5729
3720
3745
4776
6625
3121
8315
3646
2963
7966
1044
7384
4746
5267
8092
8645
3025
4421
8610
5564
5845
3245
8291
6759
6325
6812
8292
6488
3742
7941
5225
6564
7420
3358
6285
3023
6067
4742
5577
1056
5074
6853
7034
6998
3615
7262
2970
4140
1061
5247
5804
1922
7803
6005
5983
6056
2900
2868
5517
7822
6543
4196
6879
5444
5356
932
4625
7389
3092
5365
7804
3090
5235
7429
3827
4486
5159
1005
1010
5457
8080
4047
3836
6524
6319
4094
4929
2945
3689
3055
2826
8418
3087
8095
4269
5566
7910
3706
6649
4019
3465
4334
6350
8145
5018
5180
7703
4273
1880
3688
3213
4323
7606
6978
8360
3024
6054
6760
7670
4559
6751
8639
7862
6549
7793
8334
3639
6227
5118
7594
4861
4890
3885
4233
2982
6223
4004
7686
5911
6518
5340
6650
3014
3968
7137
4284
6505
3411
3774
6591
6289
7636
4522
4710
1897
7754
3995
4582
6017
8158
8200
3909
2957
1055
3012
4862
7998
5920
7178
1068
8205
8152
1905
2864
7086
4336
7599
8117
6558
4604
7423
1046
7713
3649
2921
7495
3813
4766
4793
4012
6576
4190
3319
4048
5869
4505
994
7005
8487
7303
6186
8413
7954
5008
4456
3616
6686
8467
4595
6486
5033
5360
7502
6568
4698
6858
6191
5144
5086
3555
5501
7515
3728
3256
8598
6181
3231
4353
8671
3085
6810
3529
7550
6470
3334
6532
6416
6844
6550
4567
8231
6740
8517
3320
3464
3842
4438
8058
7159
8106
3127
8612
8397
3091
5677
6917
3043
6133
5323
6284
5766
4634
5462
5255
6871
3269
1034
4918
7985
2908
6280
8066
965
7025
5638
7355
7667
7463
4913
7211
3187
6595
6111
6393
6014
6545
5011
7441
3820
5735
4467
6597
3538
3006
7917
2968
7105
6642
2802
7643
6003
5030
4883
4338
7837
5522
6022
3834
4981
6515
3038
6822
6647
8389
6839
8406
5476
4664
3159
6203
6252
3520
2917
4427
7406
4166
7961
4414
2955
5821
3872
4692
8012
6069
7078
4779
8525
1057
6046
7677
6386
4362
927
879
5156
4251
7453
2882
7111
4515
6314
7870
3441
4561
4855
4938
6225
2894
7633
4794
7288
3194
5269
3002
5884
4416
4498
6308
6672
7751
8439
3651
2795
6193
4174
5260
3428
6925
5929
7019
5603
2840
5292
7877
3889
1919
6695
8132
3333
6886
7490
3625
3355
5770
3001
4029
4271
3434
8458
3214
4631
3206
4538
6422
7524
5070
5379
6972
6263
7888
7813
4708
3107
7747
5296
3362
7902
7977
6689
997
7170
3131
5889
5317
5706
5591
3409
3570
2807
7287
4706
6755
6037
8431
5847
2729
6926
4842
4030
4328
4011
7488
4392
2996
5165
7354
5717
3235
6638
5708
3837
4832
5774
4034
4901
4898
6918
8063
7443
3955
6472
6724
6701
3771
3316
7214
6354
5059
5609
3151
6984
5488
7410
6188
7903
4945
5128
6930
5935
4022
4122
6194
1888
8606
8644
4528
5209
4989
8565
8567
7525
7519
3126
5969
5647
5257
3238
8546
8646
1916
6205
6207
5593
8638
7718
4886
4191
3761
8555
5648
7431
3443
2748
8558
7717
3370
7780
6466
4329
8394
7808
5841
6373
7171
6001
8452
6507
4503
8451
6566
7815
8047
3382
5425
7944
6601
4010
4315
4880
5610
6256
4041
6623
6954
3182
6110
3805
7290
3844
4977
7276
6610
5780
7728
7188
6239
8481
7967
3617
7122
5484
2815
4420
2770
4932
6321
7656
3541
6298
4184
3846
6784
2879
6258
5722
7323
3593
7445
6143
8604
8085
4638
3733
7836
4366
7305
3933
8429
5531
4974
6599
4694
6419
4275
3620
5728
8632
3455
3704
6204
5194
4812
6807
3143
7719
4463
3903
5081
5398
6264
7781
8470
4914
4254
3605
5461
5938
3153
8561
4141
5072
7604
8114
8601
6147
7061
4192
4162
3166
3961
4601
6786
5359
6606
5494
7482
7942
7938
6153
7759
8447
5681
7874
4556
6378
7108
2865
2818
4303
6582
7295
3481
4949
6716
4848
5213
4659
5441
6673
2858
7082
2884
7929
4055
4925
7738
3768
8073
5762
4691
5627
5819
5995
5496
8443
3424
4450
3395
8113
6999
6622
8437
5843
6511
7647
5523
4970
7726
7605
7234
5508
7388
4525
7767
7761
8098
7087
7859
6128
7669
3915
4317
6033
8653
2758
2833
7617
5405
5669
4791
4983
3782
6415
4995
5976
7609
3257
5646
4936
6057
8619
6438
6119
7964
4091
5328
4622
5082
6112
5244
8625
5850
5386
7919
4696
6068
5676
3418
3322
6199
3936
5579
4270
4762
4504
8654
7154
5214
3914
8051
7795
7377
4326
3165
7402
8415
8622
4417
3666
4092
7598
3204
6423
4992
5389
5411
3377
4707
4527
6679
8583
5834
8151
1915
7943
5071
3589
7952
7800
8531
5737
6862
7970
6151
6224
4377
3263
7851
7080
5785
6392
8037
6210
3298
6700
4439
3397
4267
5790
7769
5428
6108
6347
5279
3519
5982
7120
7595
6115
7260
7610
6390
5606
5354
5904
4387
5733
7474
5482
5786
1870
4085
7044
7827
3857
3396
2778
8412
5634
4575
5812
6626
3826
7826
8134
4231
3937
6027
5212
4372
6953
3128
6474
6828
4823
3989
7310
7993
7013
3978
4817
7948
8144
7126
7639
6747
7637
4302
3209
4077
3457
5794
4239
3680
5396
5215
4176
3207
6556
7527
6302
3378
3149
5910
8600
5409
8148
7177
4046
7628
7912
5837
4147
4436
4291
7367
6517
4081
7439
3459
4342
6290
6304
7381
6253
7969
6993
7372
8602
5184
5371
6840
6073
6394
8028
5905
3349
3781
6654
6702
8597
2825
6358
6155
3315
2829
4454
6156
7666
2726
5550
7918
8449
8660
5099
6613
6762
5314
7475
7779
7681
4678
4322
3656
7481
4250
5518
3708
4230
5574
3767
4603
4386
7076
6885
6726
4290
4108
5434
6637
7937
2751
8623
7653
7521
8131
4510
4127
3707
7155
3773
6043
4618
4920
6431
7059
5981
4808
7230
6906
8566
4535
2847
4511
6436
4292
5686
5167
5620
5763
5594
2944
6246
4668
8398
6323
6462
6167
4003
3392
2855
5598
5460
7282
6555
7246
5945
5846
4829
4247
5613
3498
5322
6375
7799
3621
8576
4237
7000
6621
5968
7451
8432
3150
5504
8527
7770
3393
3332
6338
7109
5900
7872
7444
5670
6867
5515
5879
8079
5719
3202
8026
5930
5800
6829
2941
3806
4383
6356
5114
2728
7928
7194
7493
3578
5563
4871
7854
4870
4695
2842
8116
6510
5899
5665
6137
3574
7831
7046
5458
4391
7458
5516
4347
7202
6913
4534
5309
5035
6312
5748
7321
2876
4684
7642
7414
5818
8017
5020
6159
3956
3949
2883
1894
4985
8672
5117
3544
6106
4709
4076
7829
4253
5090
4331
6827
4617
7251
5716
7650
7307
2820
6407
6087
3703
5169
4633
8102
3662
5273
6377
5696
4471
2885
6261
7142
2835
7695
4997
5173
7620
6260
4588
2943
5065
4520
7733
8416
8405
4693
6318
7320
6552
3614
5852
6583
5452
3528
7382
8436
4828
4039
1871
7356
5021
7393
8505
7898
7757
4343
6109
4607
5282
4541
5261
4844
5698
7180
7593
6379
6301
4755
6725
7094
5430
6494
5019
4348
3971
8559
3684
3723
8482
4765
4840
1882
4352
2893
6676
2860
7464
7547
6459
7742
7491
5537
7306
7500
6894
3454
1883
2954
5871
7011
5192
4734
7457
5007
6405
7413
5513
6658
6959
4716
4112
4756
6499
3985
4201
7731
6661
5659
6624
6798
6951
6053
5170
4519
3288
6075
3980
8038
2760
3437
7204
6818
8620
4198
8603
2932
6630
2887
4001
6874
4148
4375
8468
6745
7366
6859
6797
4309
8021
6268
8090
2753
7200
6838
4216
3658
3478
5009
6832
6460
1886
2771
6781
3438
4663
5100
4685
2794
4789
7325
3274
6690
7497
4988
7053
6076
4248
3791
6372
6857
8441
4490
4803
4769
8099
6487
3779
4554
7478
7040
5044
3254
6837
7997
2755
8579
1869
3458
8540
4056
4466
3755
4623
7847
6982
4614
7031
4818
4306
7174
6749
7138
6066
7437
4098
4441
7782
4264
8040
7963
4313
6888
4657
5040
6603
4053
7715
7038
3295
1912
2862
7359
1893
4996
8472
2867
5465
6836
7472
4215
2777
7611
6950
5781
7814
4368
3487
5097
5436
6973
4560
7571
3780
6157
6200
3433
7376
7838
8523
7249
5092
1872
6219
3296
8466
6383
2907
6341
2984
2960
2880
5641
6041
3661
7296
4288
5220
4398
7706
7531
5697
6409
6692
3467
7187
4570
6453
5113
3931
3248
3317
8656
2812
6969
4994
5164
8613
7710
3309
6675
6814
3268
5204
7150
8005
7538
4405
3784
2874
4404
5041
6670
5014
6713
4370
3524
1921
6653
7358
7058
7292
7172
3942
4472
7284
6796
4574
6824
6501
7833
1876
4738
3964
6711
7947
7480
7448
3244
4782
3932
4220
7845
2948
1891
5001
4731
7236
4961
8029
5666
4100
6234
6315
5720
3682
2888
8568
4224
2851
3470
4847
8008
7018
5229
6902
1902
2750
6729
8077
6391
4074
5200
6334
4279
5151
3686
4050
5709
4557
6029
8414
3715
4508
4084
3753
8022
8501
4827
6660
8423
7347
4411
6845
5146
3497
6243
3787
4824
7520
5994
5700
6324
3460
2966
5505
7755
7737
6004
4539
2929
2845
5702
4080
8582
6743
5148
7318
5224
8422
3653
2927
6326
4514
4057
5673
8581
5013
5137
7139
4480
7496
7504
5196
4132
7121
5473
4428
4464
3960
2821
3501
5143
6753
4581
5736
7834
3799
5123
6607
4210
4262
4750
6802
5520
8507
3739
7729
7971
4180
4516
4157
6721
5712
7277
4513
6671
2799
4235
3473
6771
3692
4950
6757
3785
8506
6221
7825
5749
8668
2937
6928
2836
5226
4819
2925
6793
6333
6021
6734
7348
6916
4161
4423
8588
3717
8494
6939
8578
5747
3660
7852
7486
2796
6763
4129
7209
8652
7850
5499
6821
6987
6000
7149
3734
6691
7264
5015
6876
6340
5058
7302
4121
5096
6976
6362
2910
5783
8526
6851
3463
7383
3946
6020
5491
8634
5446
3948
2973
7273
4194
3251
4151
7173
5487
6685
8585
4947
7163
6735
2746
6398
7341
6975
6710
5153
4139
2764
5739
7983
4240
2809
5129
6847
7093
6820
4751
2759
7563
6389
2805
7835
6864
6870
6328
6492
7084
7191
4126
6215
7212
7213
4149
7841
5133
3442
8426
6209
4753
7185
6498
3934
5471
5119
6834
6994
6500
7308
6322
6880
8497
5107
3710
6495
5147
8403
2775
4453
4205
6803
4229
5140
6968
7456
6985
7228
5168
5714
7224
8400
4204
3945
5998
3221
3509
3698
2789
7556
6915
3255
7135
8572
3505
6693
3950
8595
4747
7100
6346
4775
5125
2741
3226
5731
3749
6935
2827
7291
2742
7471
5102
2986
7501
6963
3504
6683
4245
7840
6791
2850
6772
6923
5112
5464
2846
7227
2735
4241
6952
7432
6860
6339
7162
6226
6329
3746
7128
8593
4418
2934
6927
6866
3693
8609
2732
7960
7243
4446
7298
3966
7510
7152
6696
2781
4246
6699
6929
6900
7957
2985
7522
4228
6360
7092
3513
8425
7972
5470
7529
8596
2952
7283
6388
6897
6684
7269
4222
6956
6816
6884
4745
7573
6317
7130
3484
7219
4189
8504
8616
2977
4407
5111
7507
6712
7207
7195
4447
2942
6666
4409
5447
3927
7982
6248
3515
7548
2981
7316
7951
5067
5438
5106
6247
7552
2843
5171
8401
7161
2784
8396
2804
3751
6779
3491
7299
7157
7223
2915
6792
5705
4195
6395
6249
5076
5157
7271
6795
2949
3250
5121
3222
6681
3731
2763
7596
2972
7973
5120
3664
3494
2773
3722
6705
6974
5091
6662
8490
2749
3240
2798
7523
7309
2727
6946
6698
3252
6805
5459
8427
7591
3218
6921
8407
6370
7220
2765
8491
7613
2787
2801
3671
3667
8495
6361
3499
7317
6220
3483
6785
8500
7492
2803
2792
3227
7222
6656
5141
5440
3220
3237
2788
5723
6217
3523
3492
7582
7479
6663
2828
6789
7839
6651
5152
3655
8514
7201
3234
6211
7217
6380
7601
7583
7301
3488
7600
6240
8508
3650
5095
6920
2980
8516
6774
6516
6502
6513
5466
7210
7203
6512
7855
7846
3516
8489
6674
5154
2723
5075
6489
8498
8518
6775
7856
5077
5715
5454
6932
5176
6911
5432
5694
5707
2757
8521
6912
5166
8493
2974
7470
2962
5174
3489
5132
2743
7477
6780
6907
8502
8509
8519
6509
2964
2978
2959
5704
2979
2971
5139
5135
5136
