7437
483
7598
4366
3886
3477
3000
6111
5867
5260
8080
6638
263
1084
239
1593
4222
5707
4127
5121
1559
6415
6827
8062
6789
1934
7484
319
6449
8051
5071
6043
7054
3257
5552
518
4395
6037
8003
1172
3611
3210
1297
3680
4513
5995
1123
1009
1699
6250
6851
2908
3480
8023
4693
586
5360
5103
1811
5388
7990
7240
6248
2706
4370
1533
5780
2628
794
1302
3875
2223
5372
1728
7941
7081
3771
5532
1671
233
4567
318
7642
7139
4248
5790
1775
3647
4829
2484
7993
6275
8122
856
4671
4796
2796
453
6388
2683
4262
1502
2263
1261
7345
7621
2291
5647
6784
7736
6319
4965
811
7410
1426
3921
2571
1412
465
7065
1420
7118
5700
2245
6978
3939
6580
2057
763
93
7557
4936
101
4275
4240
2549
315
7878
3745
4343
7991
1606
1025
1002
7505
6126
997
540
7196
1858
4339
3614
2107
5430
5623
5643
2623
3656
3050
1315
2574
1203
4751
4629
7601
682
7072
2521
3686
7273
6343
4333
3985
3784
6656
6463
3404
2874
3504
5347
1339
6128
3383
1732
6754
1765
1465
1945
2582
3693
4417
5735
4538
1383
1414
1199
4993
2447
1790
1741
2337
7547
3795
3552
7945
2867
7757
533
4623
8001
6733
6726
4750
4368
6236
2164
7652
712
1740
5027
6854
65
2036
3094
2215
3751
3121
2517
1978
4410
8020
2304
6353
1952
3032
1877
3274
828
7055
1087
222
5927
7843
2492
554
2316
5609
6350
5247
5093
5590
736
4932
23
4359
6330
3540
8084
647
5060
4684
4405
3334
2868
5035
5129
1142
5180
7031
1221
8034
1850
3946
6711
7847
457
5157
2829
1429
1244
2592
6062
6647
1744
349
3571
7502
1183
3937
7678
4601
3817
7281
132
5843
3927
5694
4101
4664
6187
676
3948
1180
2995
2795
4160
1550
1277
4254
2755
4427
8100
7477
7948
3049
1672
7910
7605
3689
6535
4708
37
6192
6041
7006
5525
3238
2487
4241
4657
1864
3360
6333
95
7486
6355
496
1454
3337
4354
4975
5809
5395
3006
2963
5733
7578
4038
3827
251
2233
334
1566
2697
6324
8135
5861
2458
4420
7723
706
908
5341
429
2718
1345
4776
1044
4228
4556
5285
7863
3428
7414
157
7783
2149
1509
7034
4529
6636
7944
4506
5458
7760
6540
1669
4818
6930
7799
4329
6715
5411
8098
6332
503
3434
7413
3296
4195
6470
2221
3317
6472
1483
1650
3148
5141
7544
2629
353
3184
3154
7162
3441
472
2569
7804
7822
6898
2673
7082
3816
1618
4194
2858
7036
6664
858
1042
4307
4817
789
3422
8086
696
4125
3621
1575
7651
6641
6960
625
1515
1632
487
2348
3443
1295
932
7987
4048
3819
5386
5635
6676
4129
1919
2905
2118
6722
1634
7288
7610
7672
710
3857
4635
6690
2029
3437
4881
3482
2699
4838
5936
4698
743
1385
1402
1783
3717
8085
6134
1867
2794
5064
1017
5638
6712
3305
7539
4047
1074
3966
1971
3862
393
1840
2453
230
7754
1562
6445
5400
2910
6569
4313
3541
33
7899
5187
5456
5930
6969
1554
6929
3295
4507
5371
61
7143
1649
4715
1046
4411
332
6176
6443
1346
7689
3023
2691
879
2851
6508
5970
7663
5963
2476
4085
4847
1056
4512
4511
6587
3135
538
4471
5705
79
4631
5916
7835
3439
2903
6386
6200
6936
4597
4126
957
6424
1747
3454
149
2464
6520
4706
7630
169
2842
2388
7377
6869
6657
7589
7007
5015
1144
6906
4334
1421
3653
6998
3469
509
2306
3950
1569
5273
1721
7236
6110
6897
7376
800
1817
5708
1406
2127
5044
2022
748
7664
2770
5407
2611
7238
4215
544
6610
5627
7711
5040
6983
7649
7919
3076
3085
5933
8050
6409
982
7744
6219
6157
6889
7257
5863
7949
5958
601
4486
408
965
7497
2273
5762
5228
1915
5676
1127
970
1168
1242
2648
6088
3221
6831
4173
2943
4765
576
4609
730
8036
4030
4393
2114
5138
6907
177
1061
1053
2670
4372
7775
6701
7943
328
4367
6334
4947
2225
7751
6994
4816
5876
2688
4753
1768
4031
2664
6193
5823
1880
2585
6368
7637
1835
2208
1075
181
4374
1197
7573
7472
742
6987
3617
940
5808
2495
7644
6932
2638
41
2020
5894
5117
4004
217
185
7482
4391
3834
7525
6271
5775
683
7618
3484
87
4996
7275
6300
2609
4148
1057
6079
4306
257
3881
4554
7546
3096
5624
2641
3411
1407
3409
8091
737
5893
543
6398
3720
7877
6107
5176
6934
4649
7946
2389
2885
381
56
69
7612
994
7553
2338
4925
2423
3438
3016
5564
1871
866
445
6625
3592
4099
5905
3785
1055
4594
5866
6620
4828
5904
6760
19
5013
7786
1287
1616
2726
2984
3017
751
5369
3984
8069
476
2087
4690
4773
468
4689
4233
308
7558
5324
4638
7970
1374
6633
5523
1330
7163
6483
2884
3033
6091
7936
80
1729
641
3872
1452
1034
6692
3106
4105
6560
7668
1501
8074
3113
3733
7930
7964
4791
3703
1807
6113
118
7018
5278
7202
3889
5562
5774
2473
7295
5025
4189
4823
6518
5487
7523
3826
6768
3934
6059
3350
4477
5697
7838
6999
4192
5953
5230
4789
2249
1322
4819
3413
2006
4046
2554
6507
927
7057
618
3377
8081
3982
773
6745
5368
3505
5253
50
5597
733
245
3172
179
7567
17
2252
5519
6821
6681
5918
4803
2894
3849
3044
4903
5337
5889
511
321
3639
1886
4709
8025
4446
1643
4739
3757
1078
8013
1897
7725
2758
6370
4159
2685
4595
3182
3424
4376
7690
6739
7489
5749
2178
4700
5664
5074
4764
1313
1005
2124
4561
3707
4053
1193
7251
5798
6524
3254
3624
4480
5304
435
2166
4814
3590
5710
1022
7450
7014
7812
2646
1027
7193
3381
5570
1820
2181
5663
4166
4845
3555
486
5841
199
1281
7457
4824
2018
3346
4793
6927
1176
2268
3268
2471
7720
2131
1010
7582
3286
6769
4982
2927
5067
6867
711
354
665
4527
48
2578
642
6817
4899
176
1670
4294
4588
4678
786
3244
3455
5820
6321
7344
4454
6501
5839
91
1731
1558
3026
6896
1163
3043
2069
530
1323
996
2229
3538
8088
106
1320
1018
131
6880
1263
5381
1656
8094
6911
5328
4326
1755
2619
2318
694
2572
4180
167
367
7011
6977
835
6795
5152
5871
6141
4714
4081
5340
5489
1545
3105
4738
6203
4608
4727
6770
1926
5271
7737
2481
2357
2345
5438
3053
7107
7299
5768
4077
4210
4251
5555
1103
5920
7912
6995
73
5128
6032
6838
7884
5873
2651
7220
1979
3684
3473
1479
7854
6378
6644
31
7167
3187
2126
168
7226
3615
4694
2470
805
3213
3467
1691
2948
4660
3412
2083
4528
5286
1438
2812
26
3997
3742
3133
4645
5277
7512
7631
2063
7284
500
6414
437
5558
4032
2110
2031
6679
6228
3497
6505
1511
5817
6943
2098
4401
2751
2499
3706
7313
5673
2173
6383
534
1405
585
6667
6957
7894
6972
7203
5303
491
5272
3813
1726
1373
5815
2132
852
2457
6183
6928
6163
2111
6904
5922
397
2879
4742
401
2260
2598
3091
2189
4102
6678
5908
6853
4746
573
3992
1417
7703
2112
535
3034
3692
1617
7700
6153
3501
4898
473
7245
3481
881
3149
2917
2266
7565
469
1870
4253
247
1928
6137
865
761
7832
3217
1595
3846
1328
7635
425
5518
3307
5378
228
1739
2899
693
1041
6224
4162
1703
5113
5112
3532
6165
2287
1128
5591
3593
4098
58
7231
7089
5711
5748
1941
96
8046
960
1746
6646
877
3290
156
2543
3309
611
6227
3126
1188
6152
447
3668
1430
1662
592
7866
6527
7304
3214
4322
4945
847
7460
624
6785
3353
1730
2319
3882
756
1758
5330
2251
7971
6529
2605
6650
5595
3114
5807
1557
4012
764
7159
2835
3570
1720
2987
1259
1487
1400
1024
4220
752
5148
4174
351
3161
6954
1905
1922
5255
4970
5939
561
4520
5361
4190
4398
6173
1608
1047
4397
1480
414
7000
3206
3787
3132
4927
6651
4076
5194
5993
8008
6542
2312
3102
3844
842
1146
2354
3103
6621
1253
5890
5030
7693
5444
7075
5852
378
1544
5566
1335
1223
2778
5606
2862
3071
6492
5095
6060
2753
2317
6537
5502
4252
3885
5944
6649
3790
4510
3574
6666
7593
3509
5267
4786
3524
1175
5008
4500
2280
1561
5318
4545
6835
547
6180
1803
3299
4712
172
4113
4701
6096
5102
3379
3207
7066
8133
5229
2921
3728
5946
6753
7705
1038
323
2191
7070
2991
5494
5687
2264
893
1507
2955
324
1215
2088
4121
4618
7407
5107
2627
1129
1701
7037
4350
664
2799
2680
208
5062
747
6581
798
88
734
1862
6807
7841
1174
8108
7772
1153
198
2728
3558
1097
548
2698
6953
3612
5875
1321
6683
7071
7857
4622
7191
5327
4436
6336
5484
5261
7426
6834
7904
6732
937
4695
6884
3101
5929
5041
6381
4856
4409
2722
6695
2513
8120
4525
7958
620
5170
7662
7562
1832
478
1352
4151
2024
5849
5492
1918
2157
1033
2420
286
550
5466
2825
6813
3395
5614
2272
1535
1425
1615
2570
8136
7932
6428
3698
3320
2997
1623
1839
6602
3231
6913
3203
7779
5130
2589
6033
3855
1737
701
4717
7602
3365
7480
5544
3539
7619
2840
2877
4247
833
3951
3779
549
1020
248
4570
1718
296
7156
57
7308
5559
6466
2821
4051
100
6794
3181
7707
4386
6018
532
2750
2656
4441
1370
6684
346
8142
1793
5096
1916
681
434
7032
2577
3842
1489
3002
3352
4591
2531
3960
6783
5156
3003
1181
1375
7934
5058
5317
2283
626
4674
3805
1894
5219
6724
84
5960
1665
7768
4379
7980
4271
4338
418
5831
2406
7834
6562
8099
2860
293
5952
6438
3765
6693
5901
7673
2776
1149
3418
5546
5155
6429
7852
6154
7846
438
5076
1298
5810
7126
7209
2913
6252
5241
6262
4762
4871
7646
373
3014
6557
1995
4844
5717
6025
5436
2523
2746
4416
4740
3196
2177
6005
1393
812
1888
1677
6779
6214
6504
2142
5270
4836
7817
5880
3912
7029
3199
2399
921
322
3027
5704
6292
3589
7155
2439
2184
4920
231
6592
110
2802
6596
1079
2748
1115
6440
6845
1467
3024
6849
1578
3704
4316
1883
2820
1450
7561
3176
8057
2580
3907
6232
7425
5120
2034
6253
1488
5165
7680
6322
4995
2944
6447
3055
1514
265
0
1451
3734
6967
3001
5531
6926
838
14
4056
2358
2094
3165
8
3721
7827
2692
1039
3340
6138
4094
3370
3914
6421
339
121
2301
3169
1090
4852
1372
6125
1317
622
1419
1541
8058
3949
6069
7121
6533
3011
1410
2138
6888
889
7850
7229
6446
3470
8019
4905
196
4626
3773
415
8123
2002
7334
4745
432
2922
2937
6808
2275
4325
2080
2226
3070
4937
1108
5728
7959
6081
2516
5398
4800
1195
2669
7924
604
2836
880
1219
6935
2540
5912
3534
7534
4756
6918
2647
8002
6243
1940
1954
1706
1158
4883
4041
7842
6143
2716
5680
2614
6455
5418
7252
8018
1992
1782
2542
2515
1965
904
1446
7638
5641
2133
6123
2815
5470
1784
1565
4024
7218
7667
4287
7123
5549
7731
2676
6923
3820
3945
3658
1882
3328
5300
2764
6629
3025
5039
254
6171
1113
6598
2302
221
267
107
4812
1226
2446
4730
7097
5670
1512
6964
5909
303
8009
4434
4310
6632
5244
1210
1786
3358
2115
527
1436
5457
5345
5589
376
1869
4091
2183
6723
5605
755
291
6740
2586
1543
290
188
6419
1201
6761
3303
1536
4119
4679
501
5924
3973
7454
1539
4110
3479
4794
6281
7536
672
5333
6104
7814
4103
7821
6345
1464
2992
6380
1192
5491
3007
4960
4503
7329
1513
216
4686
5520
421
505
5409
3573
4537
7559
1582
506
5266
7373
4003
4641
3410
5265
2344
4935
6642
6006
2644
6627
7572
7918
347
7185
6822
333
4914
2276
2579
7148
5542
7120
6277
7625
4245
6559
746
1563
6339
7440
5396
4352
3464
7296
4292
2407
3098
4552
6221
5770
7085
259
5144
2351
6963
4336
6894
380
4058
4639
1912
2373
599
1844
45
1444
1652
1586
3649
5209
6574
1893
5417
4958
5642
5674
2456
6274
6317
7787
2303
1966
5199
51
3620
3898
5785
1600
4999
3143
3478
2602
4353
6699
426
410
6800
7997
2929
3316
4541
210
7403
5553
4860
5312
1049
7607
6762
4832
1972
1499
1109
2818
652
2412
6908
1795
1702
2760
7105
1498
4421
4677
6478
6720
3396
705
1872
6012
4139
4908
6036
5661
565
5653
4013
7527
640
3080
5483
5037
1964
5389
2939
325
5251
2845
6798
5385
7237
4450
7634
6589
5239
864
7628
6885
3837
4231
371
6793
7347
6423
7531
5763
6517
7805
1360
911
4731
4373
7823
2333
964
1423
122
479
662
6422
5783
5306
2199
439
1379
1443
5023
2882
1477
6856
1173
7770
3978
5061
4087
3204
279
5460
4707
1101
3685
1694
2210
5678
2996
6389
2973
577
59
787
2603
2227
5200
4382
8075
6093
5019
2310
3803
7470
5957
7261
6900
184
2689
6488
420
553
1397
7278
2488
4472
1760
7297
297
443
3660
1119
4043
5259
1921
655
2288
5629
4562
4317
6307
2404
6519
6257
558
6846
1371
907
7033
1433
6480
4490
5736
6068
4060
926
5221
15
7365
6092
5803
1161
7732
6066
4348
2405
2941
3994
1362
1212
1876
4606
3142
6325
4235
1170
579
2182
2807
3159
1833
4299
1859
4851
2522
7893
6791
3487
387
5974
1032
5250
5426
2465
2372
931
7336
691
1891
3887
3128
6467
2576
6876
44
3064
7469
7177
3513
5059
3905
1683
6078
7169
5767
63
3578
4508
3542
227
5397
5684
2510
5826
969
1805
2957
2321
4323
5782
5099
7441
1860
5896
5220
6268
8070
252
4568
5283
1789
3942
2059
4280
3475
7350
1902
2119
6009
7268
3018
7224
4647
75
3139
430
5978
4176
7609
7221
2809
2441
5433
5538
2375
5111
240
783
1354
6393
977
809
2168
3616
1599
2478
7687
1620
3852
1482
4001
1801
2095
4039
1357
5379
6311
4553
3980
3298
6509
7045
3127
6597
7359
2328
29
4766
3209
1092
124
4309
5948
7038
4985
2298
5185
1553
6874
598
3918
1416
3815
4204
4755
7792
2197
5587
3710
5081
808
5572
958
2436
4633
810
834
6326
4237
1235
1225
5322
5351
3107
8131
4653
4988
3012
2859
1657
6931
7152
452
5171
4394
422
1220
3145
4535
7592
6719
102
2418
5003
3263
1580
3859
2206
170
6021
135
3362
6048
1310
7320
2284
7222
2498
5151
4667
1935
2534
2833
4885
807
2045
2932
462
1956
2445
3799
799
2402
4301
1073
6579
144
5482
1340
2864
3245
2091
5065
4515
3891
4557
5836
2918
1003
4866
3038
555
6599
6850
1485
5818
1272
1411
7178
7438
1471
6364
2684
4834
4705
5357
3833
981
6901
2887
7182
1268
2462
6584
268
654
3378
2945
2926
4997
3262
589
8083
4169
3688
4467
4071
6743
6586
1808
7003
3047
6521
677
3651
5474
4991
7773
7809
7058
2432
5934
5274
3989
6034
6841
3151
1611
4335
2650
3347
4983
7922
3971
3382
605
4888
5981
1468
6004
3955
6346
3761
5018
3910
2155
6340
7795
2077
4502
3405
4369
4857
584
6659
5719
3870
2897
6573
5950
7132
7778
8005
7868
7839
2550
5741
344
3045
7094
3288
7640
4084
6304
4002
2847
90
7389
4303
6290
3460
2117
4315
7776
4668
3125
947
4453
3289
4319
883
5294
6291
5447
2954
3767
7463
6014
5440
4863
5425
6155
5714
2415
4504
6174
7871
5471
5137
7348
2398
3869
1710
4019
6284
1186
6029
7819
5857
6195
7961
151
915
1305
3601
5296
5846
6080
5375
1398
2519
183
7999
3333
4296
2417
471
967
6984
5366
209
1961
896
7318
2663
4984
1773
4284
2299
1209
7939
4656
1270
1251
5636
2771
5329
4912
5160
292
7061
1051
6742
3399
272
2042
4314
6215
3836
3095
1086
3708
3297
4478
5835
2826
3666
5743
7366
3459
3065
2892
5405
613
3322
7448
7188
4550
4769
1748
7341
6570
3463
7233
5091
2662
3260
3749
2154
1344
7870
6890
4216
952
7250
1504
5885
8096
3185
1121
4604
4906
5132
5550
4868
5419
4035
416
6089
2431
7204
564
2526
1224
142
3941
1490
5224
3375
3879
2653
2004
1194
2970
2865
1756
497
4456
7587
7956
912
721
5931
6366
1496
3131
1520
5206
3544
4022
6662
6556
108
1754
5716
1351
4603
4518
3625
1973
336
5123
5737
3515
3768
3123
3039
3433
724
765
4418
4010
4582
307
1278
4074
5473
6338
5802
7380
1791
4239
3801
5740
2053
3332
3194
71
6328
2759
5646
5154
2988
4205
6816
1260
1666
3077
4141
5166
7747
2167
7752
2533
1695
1095
6130
5965
3880
1630
4994
1881
4383
6790
1612
978
1413
7994
3442
848
3903
8089
2271
2392
6426
1830
5009
47
5834
4438
1350
7580
5090
446
2248
1743
844
4034
2960
3753
2440
678
3519
6416
1294
2855
7106
4630
7608
5829
5359
1112
3715
776
7699
2231
2228
2153
7316
3932
5769
7369
1366
1469
1851
1963
4201
5825
4710
6764
485
2239
4147
4108
7137
6246
30
4078
1879
5910
6023
7291
6915
7239
5574
1036
636
6245
6781
1083
2615
861
4140
903
3806
109
7828
4560
6358
7985
6830
4879
5983
1831
5162
5282
782
7942
7528
3782
5493
2925
5410
1825
2617
5617
1094
5720
7902
4575
4962
7677
4288
2966
1654
6661
7458
2323
2413
6239
2654
7575
7465
2678
4617
7349
6974
5100
3550
178
3279
3908
3458
1204
2202
6685
6603
6280
4224
8097
5702
1770
829
941
3282
2486
627
6561
4801
925
295
1052
2707
4610
7298
4442
2968
2789
944
6474
7432
12
1117
5937
7963
5097
6026
5159
1319
779
7953
7447
5086
5987
433
653
2477
3315
7453
6778
4704
7940
7933
3774
2886
6564
4092
5940
3078
3090
5666
8106
570
1448
7088
8134
4371
6175
6696
1745
2741
1590
7741
6129
287
1738
7086
7189
7645
5057
4870
3783
4726
2827
1684
5313
1338
6142
2742
7729
6675
4685
5789
2902
2258
4722
2986
4949
2121
7921
7234
7954
1564
6218
5356
7170
6531
2185
7096
1231
6352
1258
2254
1951
7568
113
6903
2509
5969
5547
7287
2548
3520
507
4462
4168
6379
3355
5510
6064
4331
2850
4771
4342
7661
350
4827
2906
6828
5601
2505
2620
6866
1114
2846
5756
298
1675
6460
7715
6942
6208
6639
4463
4320
229
76
7962
5659
7927
5246
2103
7468
5427
6119
6101
5649
5446
1614
607
7724
4813
1093
3739
2622
6591
7995
7730
203
2387
7064
4691
837
2934
4901
8077
1230
7986
7901
1609
7617
6027
7548
4808
4862
2732
7117
3429
7059
5404
4196
7926
7293
6213
6862
5288
4149
657
790
4377
4961
6708
2561
2640
1359
5982
2347
5527
3248
2781
7053
7996
6186
6159
7115
4774
615
2575
6226
2314
1705
5777
6058
8105
1780
5362
803
857
4890
4761
990
5478
4304
3931
7800
219
5012
1288
3163
582
2618
43
1234
7422
3543
3406
7874
1892
4967
7128
4928
6725
1071
718
2364
1505
5722
670
4696
2952
4923
6510
7627
897
6550
2666
3193
2890
7755
1530
5662
6804
4951
6497
3956
7395
4273
3567
6417
1874
2370
1769
5926
3977
1983
531
5842
6146
7398
2881
81
5195
6622
5903
2163
731
2339
5928
2232
4279
7876
7676
5164
4692
3312
3915
6604
2705
1255
2104
4392
4489
5365
898
428
6223
7374
6372
7370
1222
3392
5050
6899
5242
3393
6151
1621
7271
3164
4184
6498
1096
2715
2072
7354
7171
7937
3357
6861
2588
4482
1788
5911
5654
528
4157
192
3608
1126
6314
6106
4939
304
6674
1292
70
6751
4655
2687
3838
3780
831
4112
1456
2607
4987
238
92
2977
4590
3341
5602
7790
5454
3528
4302
7952
1001
4217
7801
2377
4564
4855
6705
3246
3400
1532
2410
4950
411
6391
7808
7332
2805
7519
6939
3082
4522
1736
7929
7030
7427
6441
6207
3518
633
3021
498
5706
2463
4587
637
720
288
757
7655
6306
3089
5448
6285
7917
449
596
6571
4974
1068
1942
1647
494
5364
2700
1700
6555
6526
4840
3861
2942
6671
4246
3944
2123
5374
86
2308
2677
6465
3605
6774
2594
4614
3058
1029
136
2876
4584
5824
2144
8079
6425
5119
1200
2025
621
7405
566
4902
1837
1334
4011
7743
2099
3964
7529
3529
4407
1688
745
5577
8137
2187
195
1152
3535
7520
802
5006
2350
4269
3527
7372
8010
2068
2907
7039
6289
644
7199
6109
3968
3909
5669
120
1777
2981
5169
3074
6539
4877
7109
3035
2135
5660
4981
134
7360
4198
6095
4328
3892
1162
2559
62
5325
7087
4387
1642
5488
2467
679
4559
741
1211
2170
6147
5576
5422
2900
3258
567
1873
648
2596
1717
6744
2843
1392
6410
3770
5428
8026
5979
489
493
690
5712
602
1911
5612
2880
4122
6721
3661
7325
5586
2366
1187
274
4620
7974
1361
6471
1526
7675
4050
8021
1551
330
7657
1337
6630
945
6400
2250
6513
801
4080
2346
68
5972
7153
2784
1598
5213
6714
6144
1503
3856
150
2804
8038
2086
7491
2259
4086
6956
6279
3794
859
7207
5075
4625
4900
5964
6055
366
1432
4381
5715
1779
3792
7364
4250
1818
5212
841
2704
1189
175
4519
7659
617
2093
3308
5923
3491
3961
82
4332
3208
816
1030
4918
300
4539
1472
283
2028
6264
5001
6658
2915
1813
1271
5563
6408
5828
7793
5167
3781
3150
820
2313
2008
4919
2642
5838
6475
7419
2305
4355
6976
99
4782
744
7820
7532
4104
480
5394
7900
6860
1157
6818
5269
6011
1437
2414
3554
4772
402
5537
2195
949
4264
2067
4230
5709
668
218
3366
7840
1962
4028
5902
2213
2633
1659
4128
5461
5402
5584
2145
777
2434
3066
8130
4532
5848
4661
6013
1491
3545
3153
4229
4055
5830
6100
7756
3641
517
5190
4385
4607
5593
7920
6868
1415
568
360
6499
7564
5309
7794
3100
4763
759
3548
4523
7654
7851
6605
7500
214
3662
3922
5914
3821
4952
3755
4161
1473
2244
725
4640
3560
49
6375
6067
3130
887
7829
5072
2893
5632
7353
516
3168
2949
4015
139
5571
6775
2378
7149
3197
6611
112
3195
463
7514
1233
3250
594
4953
5192
450
4574
3277
4209
4775
312
4414
6045
4743
4938
7355
6434
451
3166
3731
6206
6575
3626
890
7935
2763
658
1506
5133
4634
7620
999
389
3407
2330
1476
2240
7315
7326
6786
4075
6858
2972
3386
2775
1923
758
700
7127
1293
7181
2873
6805
2535
6836
1907
6919
5665
368
1937
4291
1151
7806
6613
4270
4680
3010
8007
191
5196
4505
174
1903
1099
5692
3646
3408
3916
2292
7090
7913
5414
6377
1164
5822
8139
3933
6075
5114
3664
5773
1661
508
166
5216
5613
1006
5693
3269
5499
3494
8066
103
3265
1111
4955
2536
1104
5028
1752
8143
4586
3877
4165
2916
5377
1658
152
4959
2483
1583
6985
2552
7969
6210
3551
3722
4449
5990
3936
7112
2209
4526
4922
4546
2985
1822
7614
6871
4672
4907
5174
309
212
7710
4897
3599
3622
5859
4464
7507
3450
495
5850
3256
205
1434
1135
2584
868
2749
3613
305
1849
4581
7009
1988
3240
2798
4619
1534
3109
843
1987
5610
5480
1714
383
1538
211
3388
6532
1957
5339
2438
2727
4767
4207
6202
1349
5118
3995
3832
3580
6234
680
3901
180
7749
862
7522
5603
278
3979
3319
3252
2518
2480
289
4054
3075
5080
4942
6124
993
3235
2236
7599
39
7701
5513
5761
2754
6523
6623
270
4017
2883
6648
7998
6120
7504
7197
7077
111
3218
1391
2600
3975
220
6515
4915
4100
4977
83
873
7543
5106
461
7160
7217
551
2201
2374
6837
5007
2246
7665
7931
2450
3954
2329
6823
2146
4956
5608
7379
650
7656
708
6952
4347
4447
4266
3063
5500
3349
1424
1216
6220
1924
104
1064
3786
314
1289
7145
4534
1427
4934
7577
3129
4687
7872
3008
7337
1105
4461
6003
5022
8141
4424
684
5976
5628
2765
3929
4781
6276
5033
3682
7459
4290
6342
2451
5257
4412
3824
326
2652
6802
7880
2176
4483
4825
7044
3318
6495
4428
4375
2787
5557
4267
1676
3947
7290
348
5955
3226
4466
8138
1626
7739
2503
5887
2369
871
6436
2217
7590
6832
2218
3326
4516
6394
3583
4059
6385
7219
6135
6384
85
2801
3671
3667
2019
7264
2525
5435
7254
7129
7591
6204
2895
6286
6962
3425
4652
4509
5583
4880
4861
2001
6086
869
356
5459
8022
8028
1890
4404
6920
3563
5528
2380
7110
5681
5758
3306
6309
3499
7180
1116
7490
7409
4498
5962
5321
7975
2500
4362
7228
3809
4439
6140
5223
7758
7147
2052
1776
5787
3313
5858
7501
1592
1723
7706
6074
5551
490
6840
3483
3431
7837
5153
25
7244
2409
3270
1552
6950
6261
3871
3402
979
2655
1847
7205
7791
5879
6057
4830
1102
3276
5193
6052
8040
3996
194
643
3285
3116
3575
6672
2207
3718
972
719
7285
3896
2803
2566
4025
32
6406
4063
6566
1697
2792
2222
3764
3866
6162
6553
4475
4747
3758
5432
3227
5214
5723
3904
2277
6083
1401
739
4990
7397
6114
6879
5793
4593
674
7368
3841
1815
5672
7887
6958
4896
2100
6852
2101
4213
4669
1548
4295
3323
4864
355
1461
7214
3220
5819
7255
1751
7249
5556
1772
1196
1878
2668
8127
2016
2005
3893
3237
2078
396
2788
4787
4072
5821
4848
1519
5464
1378
1023
2587
5108
2857
5548
1629
3523
5201
3607
7362
234
5184
3796
4118
3800
5045
6001
1948
7232
5049
3492
2671
6772
2224
1106
6706
818
6341
6273
7223
888
2437
817
3414
2341
6682
3167
6020
5363
1264
7510
7487
7915
1228
4872
52
7174
6746
159
5046
1587
1589
4651
4423
5140
3858
4487
2828
436
6161
3878
1588
2780
6615
6008
5994
973
1238
2951
2342
4894
7005
1497
4257
2422
7225
5349
7008
2092
2015
6729
5942
187
4602
3655
3426
6337
1381
4989
413
3336
3606
7633
5938
5210
256
4734
7983
2235
1767
4236
5827
1572
24
6435
1088
2694
6047
3398
3559
6872
2841
2311
5668
7735
4152
1309
695
6000
3752
1227
1999
276
5865
7889
6451
7235
5517
7671
8109
5002
1137
2767
5465
5149
942
6558
3935
2384
115
5696
8102
3119
4258
7718
5862
2819
3822
6773
6525
3802
3536
3825
6453
1946
5679
3488
1610
6323
2194
7761
557
5380
1207
4716
7697
1510
3829
3732
5316
3211
3630
7138
5634
266
1140
3162
5792
7479
1909
7080
7019
656
5771
5235
998
7481
2834
6912
1237
7898
7328
6222
2186
1134
1303
1627
6824
1522
358
138
299
1556
382
5639
4663
6477
5921
5884
6582
5620
6988
2721
1932
4963
7317
7363
4163
6482
3807
6973
6105
4154
4172
796
2416
785
3158
123
2172
5888
5837
4340
910
2309
7623
3634
1257
4458
1178
3650
442
6247
1399
1457
6511
1054
3275
6249
3699
3759
929
7327
1829
7709
4221
7464
6552
7246
2011
6178
6308
7807
2606
3264
6160
5416
6
2980
3361
1943
4979
7493
6877
6256
5227
7488
3134
5689
2242
1474
6050
1889
3435
5077
3705
2021
4020
6405
5816
6270
2658
1130
4921
7371
5004
4318
7542
4144
1236
7882
7311
2282
7890
7122
4093
7717
6916
386
1628
3585
2714
6251
5804
7124
3189
4305
909
6156
1866
1842
2497
6660
5284
5163
4006
2702
6689
331
6857
4810
2459
1774
6961
5332
2686
6859
6606
7856
5992
6272
6225
5813
6131
173
4615
3321
5014
3372
3311
4886
5070
6382
6348
3403
18
3691
6536
4096
3628
6444
2174
1356
4943
7381
3112
182
6737
6437
1812
5263
5812
1800
2429
7785
5020
7023
5677
8125
7762
4650
1159
1213
1325
5021
1455
4778
8129
1644
2140
4536
4457
6572
4378
729
4357
1936
3793
7596
7015
5814
1110
6609
2998
2394
1185
2007
193
6503
578
771
2395
8063
1846
6803
4274
3740
4600
5234
5412
2073
1896
5998
3659
2379
1447
342
7179
2527
727
4577
976
5747
3516
5943
7810
3940
1299
7474
660
1492
5485
5671
6718
2315
7556
7496
1085
7684
3198
5515
6878
67
6468
2269
5753
4913
6811
3447
2367
7338
5441
2512
2723
6924
6741
1143
7727
4842
8087
4728
5054
3789
2220
2331
7184
5382
8118
4088
1967
6626
6367
7566
4365
423
7048
1904
7960
3917
3618
839
4596
5011
141
6716
1377
3674
6329
7976
4741
3808
1138
2257
1787
3938
5281
7494
459
7442
948
3700
1336
4628
6479
1602
2238
639
7855
3830
5331
5633
7277
1070
155
2295
7695
4578
1089
2940
6875
4384
930
2909
5245
7466
3247
7393
7813
5973
7211
7024
7586
1698
7660
8095
5509
3831
7417
7406
985
1821
7157
587
7763
6356
7411
8090
7549
6459
3557
1395
264
3547
5505
7429
5755
3864
6750
2400
5891
3711
246
1594
7909
5508
923
7891
7632
669
3604
1910
5682
3958
2696
2591
1781
3013
2307
6209
3690
687
612
3200
2267
7802
6189
1898
5579
258
2924
2822
3339
3525
4563
2285
6870
484
2211
5055
2555
7
3657
6940
4874
4402
2426
1814
7570
2274
1011
5516
1067
1991
3970
7248
7092
3867
7262
3048
781
7897
1749
2791
1091
5845
8041
6922
7144
2608
6669
2290
1727
610
4666
343
5698
6347
3750
5832
7103
3215
97
5125
1537
3588
3648
6476
5048
1517
7416
4624
4272
3669
2090
572
7401
6169
6752
3062
5168
5900
6567
5434
5599
4479
7173
370
1938
5766
7021
3670
3652
2361
4260
5082
7333
3737
5026
5621
5656
1171
5307
1422
7302
7165
5354
874
2297
2643
7049
840
581
204
1641
2014
3253
5038
905
631
5781
5231
1974
162
4998
5561
7310
5498
4713
875
1431
4643
6847
5514
5186
2856
1861
2659
3384
7471
7796
5391
4733
3331
6652
6127
5683
2096
2003
5540
5017
546
1449
5650
2610
1900
6412
2757
1885
7864
2097
7078
7309
836
3471
4697
6473
2171
6990
6921
398
2010
7816
1283
5746
5956
4256
1836
1019
1326
7967
475
2810
6116
1651
7552
6948
2528
1206
7670
7210
6263
5143
867
2974
541
1132
7883
6418
3390
5860
2962
4155
3259
5292
8039
2583
2813
6315
7050
8119
3586
6986
7342
6917
2630
6516
5198
5036
1080
4283
2085
2452
4966
2023
5384
6255
226
1013
1929
6968
1404
2179
697
1124
3895
5110
1778
5204
2634
3489
1037
2256
6179
8048
313
2649
2281
5840
2547
2159
3137
6759
3967
1428
5784
2520
7016
5897
6688
448
5146
1284
3727
361
6554
6485
2460
22
2066
1653
702
2743
1376
6612
2468
3754
2325
460
4183
4082
1486
3678
282
4558
4308
4865
3537
5729
2581
1368
7340
5469
597
4351
6608
4758
8082
7669
5314
3468
7604
2990
7242
7981
2544
6056
5968
4066
3988
7860
685
5202
3243
6301
4083
2837
3697
4941
7135
4040
2230
6810
2320
4878
521
522
6354
6548
8042
6145
780
6365
5521
651
6076
2196
369
5344
4214
377
7788
2216
6199
1613
7303
3632
962
7323
7639
7386
5522
359
3839
5452
1246
5686
5087
3694
6865
2567
3423
2037
772
7478
3562
7704
7439
6296
4531
1674
365
7885
5648
4327
147
7154
3088
8113
407
7907
3456
4182
3576
3271
4940
1031
5338
855
3926
78
2247
6522
7433
7483
6299
5607
788
2279
4095
3897
5310
6755
3631
6099
392
6082
7688
4200
2672
7445
5507
3493
1459
5882
5503
5403
3835
7431
6302
7746
4724
6318
2355
8043
2442
7324
7467
8014
464
163
7042
7289
7798
8073
2009
3084
900
6369
4837
2293
4481
5302
4605
3716
6749
1764
1549
3029
6149
2044
767
1508
7905
4517
4219
6758
5335
3292
819
1403
1382
2148
1638
7824
399
882
3565
7272
1179
4244
5218
6887
2130
5078
456
7013
1950
689
6430
7947
1953
2710
7722
6049
4349
7063
1884
6133
7195
2494
3036
3603
845
542
3724
4187
3679
6496
6653
5598
2964
2529
1048
1960
2530
7384
237
4917
1133
6727
4259
6022
6121
7984
2978
6442
6259
5501
6073
3919
3138
7263
4073
6989
3229
1826
593
2725
4137
560
7028
5738
4437
5652
405
1442
261
5462
7424
1689
1725
6635
4930
2496
5476
340
5688
1601
4576
3725
8061
2785
1523
6071
7227
7540
6765
6577
1766
8031
4037
5573
6431
6594
7613
363
5367
8053
7319
4725
4443
6486
7818
2562
5701
7461
3083
7499
2102
632
2493
2665
7551
4406
7412
5786
2334
6244
3619
3883
5533
4211
1494
2401
3874
1232
2661
2817
6766
7436
8101
6462
4153
6072
6951
8054
2823
6211
5594
2475
2564
8114
6848
6298
707
3046
5189
6217
5472
72
4448
4839
5101
1190
2601
1125
1241
6710
6112
3351
5094
4008
1577
3906
3729
4358
1343
8121
6194
440
1100
2637
5752
649
1546
7068
6216
3503
5874
630
4768
1249
7166
482
1584
4676
1462
3040
5010
6266
3273
3683
4145
5751
4954
3225
1072
4815
2631
1660
2425
5079
6855
6191
3097
3976
7286
7726
5799
5481
6450
5495
5291
1408
1845
1798
3957
1475
5907
35
6198
444
2359
3654
6395
3179
1286
6044
4445
3416
2137
2636
4016
7859
1681
7753
7020
5275
1692
6017
6481
3635
372
6258
5453
4882
7712
140
4884
4419
7583
6686
714
5243
3188
7190
4431
7194
406
20
1004
4986
2411
2545
6108
2390
6538
42
2830
3371
3022
3364
4399
5252
11
4760
1177
1947
2501
7067
2863
3865
1026
3848
2989
961
2889
3015
3338
6771
735
4400
1440
7745
2875
3986
916
6787
6351
4089
7518
7853
2772
1624
6452
821
1367
3712
7911
7312
850
1000
1637
1667
4589
3173
6201
1347
6357
3230
5744
6260
4783
6362
3232
7611
703
5105
6487
3291
3673
2408
7508
1327
7576
5406
6670
4909
4440
986
6464
7387
6997
6734
4049
3485
2474
5238
3873
1198
4181
1518
6747
5477
1799
1014
128
1364
6267
4470
891
2793
6829
5455
7750
5413
6979
3249
6902
1208
3868
7306
4065
7765
6182
1239
2289
2740
275
4585
1035
1229
1008
6631
5178
3828
2532
4293
1058
6053
281
1043
1316
968
2381
7012
1939
5856
1274
619
5925
1742
6624
1579
1655
3568
2352
2212
8093
3178
3192
1307
575
2360
1280
6618
4957
6730
5724
1993
2639
269
629
8011
3081
3466
7111
4396
4023
7714
5543
5568
4356
6392
2113
27
2040
3928
7358
3216
7584
3814
129
6046
7988
4599
13
6980
4476
1525
2365
4648
3052
4005
2340
374
5945
6993
939
7789
5718
4573
2147
3591
6433
7391
6839
3623
529
3714
6361
4732
1269
4281
1394
4850
4009
4390
1797
2979
1441
6098
7923
3811
5631
4703
1712
955
6040
6502
7201
7473
2071
7733
1977
158
5844
3888
5451
902
352
5326
4540
4130
754
5833
2971
8103
2920
4644
661
1989
3665
306
2335
4790
2356
3702
3804
7150
3427
749
3638
5935
1266
5967
6188
7198
3595
2134
5066
4109
4969
4904
514
7279
409
6084
8110
8049
7052
207
7282
458
2054
2430
250
6945
1107
6601
1713
3911
6551
715
1439
2270
3144
7769
1925
634
316
7647
5424
427
6054
105
3041
4238
2169
1709
89
2241
3174
6087
1949
4044
7674
2848
1
4337
935
6965
2720
5205
6240
591
7845
6118
2936
2448
1576
6549
6792
213
778
6883
3496
6654
2043
7383
5420
1567
165
4702
3566
6237
7738
5439
2013
273
3860
6494
3788
5183
394
583
8004
8116
7545
6687
7782
6583
520
1763
1875
5355
3344
2253
3224
2946
4473
3899
5655
692
7694
4444
5805
1050
590
519
3380
3676
5776
6703
5179
1607
3610
7764
8140
1809
791
792
6691
1855
1980
3233
3598
933
3963
5506
8052
4179
4026
7212
4116
988
6282
3453
7435
3778
5658
6825
3155
5069
5806
3201
6568
1098
6757
886
7100
515
7511
1453
3553
3609
2506
2994
3999
7716
906
6982
2507
2428
5346
762
3747
284
686
7524
2353
2752
1040
6458
1265
4579
7046
7571
5084
2084
2382
571
1435
3902
1247
6115
4681
2514
5445
1007
4543
6139
2064
5352
7696
7748
5343
1985
1547
2012
3329
2403
2129
3998
7130
3741
2719
4521
5150
7415
7423
556
4795
2469
3738
4286
6698
5289
1716
2604
7650
1704
2139
3239
2383
4311
1285
6925
6454
3930
6167
7648
7978
2162
2396
317
7305
3111
5233
6500
7896
4036
795
3020
1711
3387
36
4549
5295
3972
5370
974
983
1418
4135
5582
7784
4265
1355
7719
987
5047
1640
1290
3681
1380
1933
4675
6843
892
4876
2
2109
849
2737
2466
1914
1596
1913
726
53
1796
3845
6007
2553
2800
936
6707
824
4321
3401
1389
3564
5429
5690
4867
5181
10
3415
5421
806
6399
4068
2108
6864
8072
2234
963
4494
2632
6094
704
431
4388
6077
145
2033
6826
1165
2050
3760
2624
4484
7495
6312
4361
2424
1262
3511
4792
8107
244
7888
4572
2032
7503
7992
813
3810
8078
1804
6909
545
3241
310
3521
1131
8012
4111
2769
7259
3587
38
4459
4278
2983
8124
5217
7388
614
8045
3042
2419
7346
6595
826
1521
4232
3853
390
4345
7925
3990
400
4806
5135
6576
46
5657
3642
5319
8024
1750
7862
6663
4062
7702
338
215
7873
3894
3640
329
6403
3004
7771
3115
2322
4197
1458
171
4203
6812
3569
4226
5158
6637
6185
6702
938
60
1240
5760
5136
6797
2120
153
6344
6122
1762
750
1785
6763
4501
4853
2711
6578
4193
7247
2854
186
1136
2058
6820
4889
6590
4788
2866
3776
5941
5695
7321
4797
3028
2969
1708
6136
7682
6411
609
4826
7200
4052
1622
5497
5796
7133
5475
2089
3924
2175
74
6512
2657
3180
441
2541
7485
3430
236
4616
2573
3953
2106
2679
2761
4688
1387
7367
7001
7848
5853
1279
7265
7973
1555
7361
3190
4566
4802
4841
3594
1920
1308
5667
914
3452
3695
4242
943
822
5005
4277
4547
3983
7759
5207
6782
327
2490
6103
5954
4408
832
3079
3462
5297
6230
4873
4895
4150
3335
6016
4926
946
5797
2161
7875
6886
5490
3495
4524
7335
2332
2079
3389
989
3212
1759
5182
341
4243
3432
5203
966
2203
2713
7172
5280
5975
3572
4805
1990
6673
4971
7713
3600
7428
6704
385
7104
6387
5032
6456
201
1332
3502
2708
6514
4021
1854
2872
3030
6563
6844
1792
3797
3368
3533
6024
3449
7982
4451
827
1639
984
2188
7498
6166
7965
3325
2891
7017
6359
6028
2853
7533
2912
5754
1857
2243
3068
2597
2204
7492
5788
5742
3110
1997
7977
3054
1248
4670
5142
2449
1065
8076
77
5947
7108
872
5468
2965
5415
375
8068
7119
1118
6039
320
1619
3713
7449
2060
6038
260
7187
3744
4749
4627
7300
1141
7950
6117
5966
4170
467
919
2595
1063
242
1160
3735
3421
5622
3448
3514
5401
2739
6891
4718
1493
4206
6371
2158
1169
6168
4632
125
6229
5350
6842
4621
2125
525
4720
4432
3644
4143
2878
4202
5197
7069
6677
7585
3122
6777
7047
280
4042
3818
4300
2593
2180
8015
4673
388
6238
7530
4178
4571
404
2193
3136
2508
3330
5651
5795
4298
2105
6491
1810
1324
2982
2616
5588
7266
4380
2265
2141
4249
7004
7339
