2404
1916
2503
2513
2024
2233
710
5485
1350
2313
4834
5473
3837
5474
4919
1323
1777
2373
3288
5006
4962
604
2439
2133
4851
4628
2641
752
4279
3852
1726
4794
1161
5886
79
408
599
177
254
1544
5233
4017
1966
2874
1075
5044
1729
5782
3467
4301
2312
2851
1295
805
705
3425
3360
3716
5069
1496
5889
1175
3975
5129
233
228
3685
1448
469
1419
1835
1044
4085
3585
5560
84
4703
5702
1586
1468
3285
308
5192
5687
2287
1554
1665
2819
3319
263
23
1057
1046
1782
3733
3245
3128
2077
1860
2254
2988
3129
2571
2022
2440
93
5943
2264
5345
5906
4577
1973
2715
1721
4602
4270
553
4831
5513
1600
4352
4538
5962
5020
5711
393
156
221
4679
3381
167
31
5245
4294
346
4888
3460
4753
5866
3855
4034
3520
4325
3540
4857
625
4292
3786
4936
1433
80
4099
3693
1737
4726
538
2760
1962
1650
3670
3604
3529
157
1471
3628
2447
5931
4732
4259
3955
4957
323
994
5139
3320
5848
889
4284
3904
5601
4669
4305
5255
2025
1912
5545
296
3085
2944
5459
1869
5054
4392
1090
5204
2781
5316
472
5991
5125
5613
4397
50
1732
4845
5853
3163
1032
2306
5505
1873
2042
3707
2618
5422
1084
2063
4347
3946
5299
501
2412
5789
1362
4475
3384
747
2750
5101
811
4557
5322
5986
37
3515
5229
4529
1864
5643
1199
1862
3951
2754
5865
2722
3164
4050
2350
1501
2407
5280
1024
5633
325
3809
5637
5398
239
199
1647
319
5576
1632
2182
2887
561
1219
4031
101
2857
5283
5826
712
324
3337
1859
2288
964
5990
4650
4836
5839
4461
1760
3838
5550
2716
1192
3439
996
4965
4372
1022
5799
420
5788
3697
5519
535
1302
2655
5925
401
3262
3154
1374
4653
4870
132
3970
2897
5464
706
4302
2476
5888
3055
1886
2552
1769
2915
5697
4257
5825
1047
5707
5154
2968
4638
168
755
4567
4058
3372
2542
2827
4828
2093
3945
3660
2462
230
5085
2291
1620
5137
4990
3149
4810
4427
17
5785
1700
2873
4383
3839
4923
2807
410
1483
2463
626
2732
2263
5055
5317
3038
530
2210
3258
1158
5859
2834
5716
5949
1042
3010
2957
14
534
1919
4873
4357
5528
2366
3253
1657
65
3813
3390
2644
3647
3386
1788
881
676
4939
3563
2826
439
586
88
5490
1706
5112
2892
879
696
2847
5507
1345
1186
1039
2209
1095
4614
373
5335
1220
2960
5559
4047
2855
1611
5569
2163
683
2436
5205
2499
1477
5319
655
1315
2767
181
5106
565
1033
2718
544
2110
2741
4457
1695
465
3774
2456
259
279
1188
4148
198
2927
1335
3624
3664
3459
4624
893
5652
4872
1539
4483
5169
4328
1002
5521
3653
2921
1383
5594
1194
5801
2526
1371
4403
3575
15
5419
351
4660
2998
3265
681
3801
2389
371
576
1892
3649
1128
506
4521
5942
4404
4562
3119
1662
2531
2687
4977
3018
960
3689
5256
3787
2770
1268
730
5218
3667
5037
3112
3127
2656
2683
8
3148
2812
1172
5797
5107
2765
1451
426
33
1616
44
2843
2481
1193
808
3305
4466
4509
1321
2570
63
1654
3375
3573
812
2117
3827
5783
1261
2619
3940
1520
4814
3023
3885
1223
2191
4695
4906
2633
1197
4664
3133
3933
3973
5224
5389
2144
473
3661
622
297
303
742
2370
3867
1487
2154
4248
2985
5081
240
2795
4742
5553
2787
2650
1038
4940
4378
763
3915
5049
5704
1101
2623
2536
333
1718
5919
1421
3289
5771
1867
2586
4190
5773
247
4037
2932
794
5011
4676
2917
1543
3094
4701
5520
1507
4500
3917
2276
3784
598
2970
315
2252
4554
149
1244
3558
290
453
4004
2164
1921
3626
2952
1406
5445
907
4607
4693
4287
3961
1894
2617
1562
1354
1630
4842
926
977
2535
5076
2663
4890
5489
5448
4390
3658
381
3388
3021
3907
422
3123
3332
1328
2268
3080
124
102
5525
2509
2584
1454
486
1163
2240
4806
135
2410
5538
2053
3849
746
2694
1272
3488
3770
3365
4751
1870
3656
5543
2029
1170
5978
5240
144
380
3227
3836
3334
121
783
611
787
2328
418
2245
1344
3932
3074
1357
3378
2417
2197
4318
248
5144
4084
447
800
4681
1941
4573
810
2251
3799
4228
1204
2629
969
3349
5763
3045
414
1535
3197
654
3206
2577
5780
3362
1740
915
1978
589
2080
3887
1789
3008
4865
1509
865
4091
3275
1871
3715
3246
4963
208
4453
5688
425
5579
1400
5642
1103
5266
110
3066
3527
2406
4728
1888
5599
4954
3047
1564
2480
2142
5019
2135
3254
2364
2829
3808
437
1699
1212
2788
107
2876
29
2646
4173
2225
1379
751
1253
584
1926
1225
2072
5741
4649
3834
4478
4308
877
4909
2996
1745
5864
5300
179
1097
4077
5100
2132
5981
3477
1086
4205
4970
1176
90
2885
2218
1881
2124
624
69
5897
1499
3481
5798
5884
764
293
3403
445
468
1027
4154
432
1550
3536
3050
577
2166
245
5368
367
2031
5729
5030
5557
2437
5394
5494
1617
1310
2333
4467
2304
555
2673
4706
5151
4076
2119
1951
1954
4709
3518
5983
151
3841
4795
4942
2780
4210
1773
1488
5175
2127
3718
1747
5267
3480
748
3135
3076
5655
1420
3017
3303
5257
1738
491
4332
2177
4645
471
4274
2387
4147
807
5664
5813
896
5781
5121
3433
4317
354
251
185
2778
1825
2104
1073
227
4271
2465
1215
4159
3049
3926
5454
1319
4362
1897
2850
3737
3826
2728
292
2298
549
4250
4860
1557
1755
5661
1498
5650
5214
1330
1684
4008
1566
3722
1513
2609
4215
4880
4366
1181
4420
1074
3306
2582
4320
2223
932
613
4510
2094
4536
3922
4335
5768
3583
1144
5401
505
2228
5989
272
5678
4235
3861
2275
5309
701
3821
3578
106
5041
2705
3011
2168
5571
5403
952
1569
4192
1049
3237
4608
3864
4665
3728
5657
4283
5849
3570
2763
3396
2351
3176
2576
2689
416
1209
691
1370
3896
564
478
3328
3399
142
4498
1119
3209
2899
605
2549
3044
497
5235
1221
3377
5103
721
5358
1025
1351
2471
1595
2314
2149
4826
1612
2627
1839
2937
336
5251
4950
4254
2525
1730
4928
3721
1142
2594
724
765
286
307
2173
4663
5429
5536
1168
5079
3908
71
3768
711
3698
1020
4160
1242
5690
737
1536
5241
5831
5564
1235
1108
3618
2929
2664
3901
978
1411
5102
4604
2099
5275
344
3557
911
1580
47
5885
5189
443
2227
3121
3785
2954
3290
3547
4648
3669
2821
1055
848
2995
1902
1129
5681
5667
5648
1322
4296
1964
776
5670
183
2107
4139
1728
4340
734
2330
3781
485
1844
452
1438
4589
30
789
5819
1879
1109
100
3958
2347
4672
1756
2895
1623
5807
4400
861
4696
903
4560
109
3880
4727
5028
4787
1918
3411
5105
5855
4165
2378
2004
3194
1183
5731
5632
3916
1094
1121
3523
1407
809
3551
4550
5901
5160
2259
4587
5647
2908
3132
5674
1765
3264
3605
2409
1672
5622
4609
2339
4013
2894
5960
1965
829
2348
5025
438
627
4162
4011
925
3014
4262
1905
2858
3780
1173
4194
1694
944
4764
3407
12
1117
5426
2550
2677
642
1297
5194
2671
5953
1397
5481
2575
1963
2083
2346
653
429
4922
3708
5495
2845
1393
4578
838
1087
1720
3274
5004
4531
4725
856
3063
5651
2670
2414
4733
5097
693
4083
2942
188
287
3400
5313
5629
2818
3980
2232
5793
4818
2114
2138
5508
210
1425
4593
2805
73
5968
2918
2592
2945
5439
5858
3295
5588
3688
1231
4615
1485
5860
3555
113
5080
2464
3802
3185
5895
2941
1831
2900
1883
1817
4334
5806
4260
3524
252
350
2751
2521
457
4767
479
1114
798
4217
2505
2868
26
4740
3279
3260
3184
1287
1281
1858
5938
2057
1652
3590
5148
4712
1942
4722
2910
5597
607
2131
4561
5636
2432
3053
5399
5887
3315
203
339
837
4354
387
3705
5548
2569
2522
4983
4080
5406
4702
2226
1643
1634
3492
677
1545
1533
2420
61
4956
4541
4476
3684
790
2600
3198
5428
3107
4801
3182
4006
1505
4394
2589
3992
3539
733
3759
5250
4576
5083
1832
2272
527
1786
5963
3648
2091
2764
3007
803
857
1480
4110
5961
4674
5749
219
3203
1288
1115
582
4684
43
3571
2067
5378
1514
2886
5804
4756
5243
1224
2792
1071
718
4351
3105
670
3881
4441
2759
4792
2881
897
1258
2357
95
5324
4852
842
4303
2698
4969
2611
4947
1561
4564
322
4350
4020
3142
334
5223
332
833
2859
5272
2244
1599
3413
731
3181
291
184
5627
2115
1891
533
2828
2913
2318
3158
657
1255
3750
2905
5156
5453
898
428
4128
1983
5163
1436
5737
1222
4418
3035
3024
5021
1608
3361
2840
5386
2445
5800
4386
5108
5412
2669
4949
3509
2303
1670
1410
4368
2302
4155
3213
2680
1126
1803
1741
3944
4786
304
2559
1292
70
1893
1305
3607
2972
2678
2707
1340
831
4251
1456
1818
5484
238
92
5899
1559
4832
2167
2596
1743
3429
1001
5178
4694
2271
2865
1504
957
3789
4182
3793
1532
2292
411
1405
4140
5752
1780
3153
5540
4758
1034
4161
2008
931
5465
3318
633
1666
498
937
415
2329
3269
2095
5230
2118
757
1609
1041
2893
2951
3095
5610
596
4993
3960
1068
2388
3620
2638
3217
652
4619
4803
4209
3482
3090
5077
2841
3783
75
3655
3589
2922
5047
3878
3528
1820
4022
2477
4626
1010
1029
2181
828
2699
5523
96
3082
5497
3405
5663
1200
621
5447
1412
566
543
1334
4847
51
5040
1744
3978
1558
745
4306
1992
1467
5451
195
1669
2926
3767
802
1618
3256
5402
620
2236
4144
3615
4108
1770
4511
644
2002
4487
3929
1061
4153
4056
120
3545
2446
4125
4813
4822
1230
2753
3458
3455
3226
3296
134
4436
2572
2833
3525
4195
3690
511
62
1553
3758
5210
2484
2882
5369
1961
4760
679
4823
1211
122
5760
2215
4381
4244
3166
1210
567
5845
548
864
4534
1392
4600
2835
4881
4770
4281
720
3825
5130
690
602
5745
3552
3418
1876
4359
503
4657
318
2195
4032
274
5149
2842
1361
4272
1526
4594
4528
4424
2284
4121
5628
4230
5892
945
5000
5775
295
5270
4762
298
68
4387
736
5022
2358
2981
4098
1503
4342
150
756
2018
3491
1703
5460
2098
169
5712
376
2337
859
3905
4015
1840
378
4994
2273
1294
2086
1432
3739
4187
4941
1779
3947
4652
4575
3532
841
5653
1189
175
5411
927
3248
45
1260
1096
4088
2316
5371
1187
5087
2846
1030
2615
300
2516
1472
283
2666
2473
4750
3336
1813
3875
5984
4137
1837
4081
2925
2157
5427
5500
3795
3221
2980
2323
3659
5458
257
507
1934
99
2948
744
2103
5546
1375
4102
2523
4927
1945
4221
1157
5547
3938
4899
1437
366
5342
4048
402
4639
3580
949
3921
19
229
4183
668
218
5001
4012
2153
4540
4385
585
5333
2916
1971
4829
3817
3469
4559
777
2458
1018
1606
2498
2809
4960
4231
1491
5522
3442
5404
2087
4482
5644
1593
517
321
3625
4525
4095
3678
217
3109
3187
360
4370
3326
3002
3815
1052
3268
759
4902
5157
5501
1426
4220
3686
214
1614
4997
1717
4066
2045
2991
5850
1702
5988
3026
4348
196
725
3897
1512
2034
4024
4690
1056
2574
887
2317
1092
3586
568
516
3617
5325
5837
139
5823
2146
2299
2554
1149
2418
5582
5608
2519
463
3297
5765
4979
594
3071
1807
3077
450
2685
4204
518
2515
312
5703
3483
2640
3165
1174
5976
451
5031
2977
1112
4838
1578
890
1615
4343
5861
3426
5833
2213
1263
5609
999
3749
1359
2815
1476
192
4687
5435
3857
4995
3039
5972
1874
5294
1338
2860
3428
3937
4094
5242
1293
5726
4507
5010
4504
3168
1907
4314
4149
368
1937
5171
1151
3674
4411
2344
4039
2534
3544
1872
5896
191
3666
108
174
3159
4449
3822
1598
1360
4961
5904
5213
5834
5603
3211
1164
3807
476
5050
4464
1661
508
166
5696
4691
3606
3949
103
2405
4046
2706
1752
5348
5872
1658
152
2579
1583
2170
3102
4040
4595
4239
1822
4622
4373
309
3464
4618
4745
495
205
1434
1135
868
305
1849
2229
1988
4201
1534
843
1987
2966
3829
3771
3195
1538
211
1957
5359
5159
2799
1349
4323
4582
680
180
3745
5045
5252
278
289
5684
993
3612
3075
4222
4800
270
2145
4889
5776
5061
111
1391
220
5751
83
3560
461
5265
551
5034
3652
2758
5284
2598
650
708
3764
2402
5296
1424
1216
5263
1924
3125
2676
314
2721
1427
2642
5446
3934
3204
4409
4765
5993
2518
684
5770
2187
5879
5815
326
5007
2585
5179
4082
4038
5238
3773
348
1626
3214
871
2955
4853
4698
2121
5089
85
3941
1877
4730
4073
2441
494
3893
3100
4471
1270
2647
5418
5274
618
5583
2622
3404
5033
5881
3126
1413
2201
3218
4472
869
2006
5158
356
1162
4549
2399
5909
1890
579
4641
1691
862
4678
4661
4219
4640
1116
1541
2742
4610
5512
2603
5292
5307
5898
5168
5717
5417
5748
2052
1776
3882
5916
1592
1723
4788
5822
490
5036
1006
3139
4644
1417
25
1113
3043
1552
5117
4477
433
4944
2801
4003
4072
3089
3270
4512
3012
5762
1102
4535
4446
4877
194
615
643
4304
2431
5064
330
5364
5715
4647
5742
483
4030
3247
2059
4692
32
664
4715
3475
1444
3734
2377
5846
1705
5531
5811
3535
2277
1401
3333
170
540
3162
4489
2451
3742
674
5750
4092
1815
3358
2100
3116
5046
2101
5074
2803
1548
5456
2375
355
2488
5867
3379
5303
4269
1051
2321
3543
3608
1751
2457
1772
1196
1878
2016
2005
4063
1482
328
648
5945
1123
5662
5362
4196
2836
2789
5015
1259
3034
4584
2688
1519
1378
4376
1023
3790
5598
4781
912
5700
1675
1746
2963
1736
1629
3792
430
1808
3516
2380
3392
3470
5677
2222
4518
5413
5344
3634
4581
5318
1995
3169
2224
1106
4802
818
4060
4353
1697
5370
136
3816
4273
5310
1180
3424
888
2755
2548
5947
817
1111
3402
2341
4421
3954
1264
990
3382
1739
4316
353
4797
2450
4704
1489
3914
1228
3065
4552
5676
52
3114
3936
3311
3641
1589
1479
1469
2771
2517
2078
5346
5905
5084
436
2879
4180
1588
4412
1590
3240
973
1238
2342
2704
4791
5114
2231
5759
1497
449
2369
5671
2422
5380
2986
1551
5312
1146
3757
2092
1313
2015
3434
4790
3000
1381
5894
413
941
801
3820
3393
256
5880
2235
647
1767
4101
2486
3484
5009
24
1088
5605
3803
112
2311
5820
56
1309
695
4617
1227
1999
276
2654
2902
1833
682
3130
4329
1137
3740
3671
3754
3412
4827
1346
2543
5477
2794
2384
3912
4172
3499
2602
3601
3886
2746
4982
4920
81
1972
1714
2784
3611
1946
3307
5298
5710
1610
3994
3541
3235
5857
4620
665
2194
3717
5094
1017
557
4738
4537
1207
2862
3844
1510
2653
4416
4053
5619
266
4743
5607
2111
4374
1909
3096
3891
3939
4666
3559
3971
3207
1784
1237
4985
2997
3856
5219
5914
2186
3437
908
3691
1303
5595
1627
1522
835
358
138
299
1556
1003
382
5832
761
4428
3357
4697
4841
4112
1402
4438
5141
1932
3200
2890
4772
5854
2820
3858
3033
58
76
796
2416
5180
4382
785
4237
5926
2217
2776
3599
3494
5936
3341
4623
910
2172
3779
2309
5612
1257
2495
4515
4655
1178
4508
5203
442
4054
4907
3286
5713
1054
2662
4591
3752
1415
2372
4233
5018
2775
3651
4198
1502
3106
3832
2011
4539
5840
4458
4830
4526
3454
6
2487
678
1943
3872
5514
3317
4597
2607
3550
5510
1064
3720
2242
1474
4444
1889
5654
2021
4714
4266
2658
2467
5816
1130
1461
3143
5424
5321
3250
222
5556
48
573
1236
4556
5809
5383
2282
3997
267
1104
2305
4713
1935
386
1701
1628
3366
2714
3409
5239
1563
3567
209
909
1289
4523
3842
1842
2497
4898
5339
958
1793
2088
2702
331
5291
3869
3414
2459
1774
4207
3353
3700
3220
4861
2864
3753
2802
1710
4574
2478
1366
173
5343
4414
3161
5220
3406
1952
3193
5542
2036
3866
4395
18
0
2174
1356
5111
4625
3765
396
4502
3711
1812
3967
5212
816
1572
4918
1800
2280
3732
4739
3898
5221
4984
5165
4126
3443
3441
4189
4293
554
1159
1213
5174
1325
3276
3339
700
2700
4288
1847
4401
5441
1455
5013
2943
5589
866
4579
1644
2140
5689
3435
1490
4629
729
3833
3489
2620
1936
5277
1110
4864
5354
2394
1185
2007
193
1515
578
2123
1429
771
5631
2395
5935
1846
131
178
5349
4914
5950
2580
3614
5132
2652
4868
2073
658
1896
4406
4051
2221
5672
2379
1447
342
3593
2527
727
4717
976
2877
4157
1928
4903
5754
1299
4169
5502
660
1790
5058
3931
493
3103
5062
3101
4563
5516
1085
5656
694
1278
4741
1621
2561
4184
3996
67
5017
5585
2269
4214
5153
820
1226
1677
5005
2867
4371
2367
3504
3871
2512
2723
5337
5098
5026
1143
397
786
5133
3895
1398
1659
3321
2220
979
2331
1298
4630
82
4915
3471
4876
3918
4716
4635
2903
423
5183
1904
5433
1530
4247
1565
4431
2749
839
500
3263
141
4943
2605
4848
1377
4656
5876
2266
4986
1138
2257
3592
1787
4275
550
459
2019
948
3208
3113
532
3830
1829
4105
5286
4769
4118
1602
2238
639
5786
967
5060
3699
1683
2248
4122
5812
3309
155
2295
5328
5110
1089
5705
2319
2940
5065
288
930
2909
3574
4651
2884
4987
3210
5438
4445
3340
5907
942
2354
4883
5166
5587
1698
5640
5365
3534
4402
5271
985
5482
3098
4808
5720
981
5091
3252
5452
4236
4291
3487
1473
4545
3346
5565
1457
1395
264
2748
3383
2692
929
4216
4405
2400
2178
3794
246
1594
1758
5830
3964
923
5694
268
669
3862
1910
4163
1152
4912
5766
5602
2696
2591
5066
1781
2413
3013
5802
2307
3070
687
1915
5639
612
3395
2267
5746
2533
39
1898
1649
4331
258
2924
2434
847
2822
4396
5078
3942
3630
1233
1127
3479
1967
558
904
2614
484
2211
1320
3322
2555
7
2315
5072
4379
4310
5261
1450
1201
2426
2648
1814
2726
773
2274
1011
3977
5796
1991
1277
1783
5740
446
880
4041
5340
2727
3048
781
2651
5821
1749
2126
4309
2791
2423
5851
5162
883
3347
1091
4336
4708
531
5199
2438
4855
4410
5927
4904
2290
1727
610
570
4377
1317
343
587
636
434
1903
97
3167
4590
3370
2069
1537
3196
4129
4766
3313
1517
965
5269
528
176
2470
4516
3588
3001
5128
572
5774
592
5436
3062
4746
2374
3064
5621
4327
5875
2208
3622
2492
3889
383
852
1880
370
3352
5008
5198
5164
5951
1105
3631
2361
4815
1336
2189
5824
5397
5120
2246
4113
5805
1171
4074
3796
1422
2686
5374
3308
3731
4967
1464
874
2297
2643
4151
5184
1251
3316
840
4224
581
204
1641
2014
905
631
4240
1974
162
4299
4043
5382
4900
617
875
1431
2973
5572
547
4417
5443
5071
4434
3751
3497
4884
2856
1861
2659
5499
640
3800
1009
5856
637
5669
5719
2308
5197
3145
5591
2096
3501
1956
1372
4010
921
546
1449
2804
2610
1900
2757
2028
2301
1885
1642
972
5758
2097
5202
4570
5381
5952
836
601
2184
4763
3505
5143
1582
5095
4879
3846
1070
1775
5784
1283
4981
4375
5693
1836
5067
1019
970
1326
3323
475
2810
4490
1651
5563
5209
2528
3680
4878
3646
1373
739
4603
3447
867
2974
1140
997
1337
541
1099
1132
5810
3831
2258
4837
2962
59
3259
4071
1938
3639
5917
5400
2813
5185
3410
1078
4527
5498
5363
4313
5093
2630
4796
3513
3398
940
1080
187
3710
4127
2085
2249
5032
5862
2023
3782
1492
4596
4028
226
1013
2583
1929
4211
5376
1404
2179
697
1124
3282
3948
5421
1778
2634
3091
4035
1037
4988
2256
3761
5923
313
2649
2281
3682
5761
2547
1416
1036
2159
2984
3137
4975
1754
4258
3968
3805
3616
2520
873
4811
5264
1506
3879
1923
448
3450
4586
5954
3859
3257
361
2183
1134
4824
3199
4774
3438
2155
1830
1053
2460
22
2066
1653
3650
4326
2743
3950
4866
2468
2325
460
1067
87
1430
3727
282
2483
462
212
2588
3995
2907
2581
1368
234
3910
597
5289
2250
4863
2283
662
5948
2285
3431
5649
4315
4391
5467
3468
4078
2990
5327
779
2544
4450
4479
4384
4319
4925
5790
685
3519
3243
1748
5356
4633
2837
3032
2171
3755
1850
487
1688
2230
3473
4369
2320
782
521
522
4264
2939
4675
5012
2398
2207
4513
780
5714
3984
1511
1882
651
3935
1801
369
5228
5331
118
377
216
2216
4553
1613
2883
4290
5375
962
5391
2510
5623
4558
3985
359
1246
3408
4166
2415
5573
5057
2185
4817
2567
3423
2037
5090
772
1284
5506
3562
5673
2587
5475
1234
3806
435
1674
3299
365
3979
231
5096
147
5260
3088
4246
3554
407
5532
3456
2090
86
3576
3271
844
1031
3706
5082
5921
2987
4671
2628
4503
5803
855
3003
78
2992
4365
5469
5509
758
4103
3355
788
2279
4689
5817
4971
4768
4481
5487
2176
424
392
5278
5659
104
2672
5479
3632
2068
4668
3493
1948
1459
1768
3298
4059
3819
5735
1587
4634
1731
5706
4667
182
1791
2355
1940
702
2442
5476
496
5955
464
5561
172
2020
5744
5332
2540
5941
2009
2260
3084
2112
900
1446
1911
3542
2697
4002
3662
741
2452
3694
5838
1206
509
4966
3692
3956
5425
1549
3029
4517
2202
2566
5699
2044
767
5841
1508
3134
5827
123
4974
3703
3292
819
1403
1382
2148
5038
1575
1638
1795
3331
5764
5330
399
3151
2310
882
3565
5958
4093
1352
3870
5449
2130
982
456
1486
1079
1950
5152
689
2429
641
2392
2825
1953
3538
3877
3058
3903
4486
2710
1083
4443
5708
4152
1884
4505
389
2494
1851
3036
4086
3603
845
542
3724
91
3679
5635
3892
1979
3244
3966
3150
4894
4100
4356
2964
3463
2529
4104
1676
1048
2949
1960
2530
4407
4897
3927
237
4145
4519
1133
2880
1805
4952
163
4522
5698
5641
4423
5692
5893
265
2001
1811
3277
3835
2978
4256
2906
5350
5491
398
4174
4999
947
3078
3138
5341
4917
5567
5142
3229
3982
1452
593
2725
41
560
4825
4119
489
243
3172
1339
4761
5193
405
1442
261
5170
3537
5462
1689
3478
1725
1203
834
2496
3016
4506
2010
3919
340
4168
1601
2796
5967
5624
480
3725
3988
2785
1523
3621
4462
5314
5554
799
1766
5357
3025
2453
5836
4734
5361
3704
5604
363
1271
2003
5388
4241
5617
4951
347
3350
4775
3613
5533
2562
3027
4176
5492
656
3083
5518
2102
632
4087
2493
2665
4333
5208
4245
2334
3548
4588
2500
3619
1465
4252
4001
4840
115
1821
1494
2401
3874
1232
2817
4055
5472
1153
3909
4755
5320
57
4463
3883
3061
5118
5928
1735
5395
2823
2196
159
2475
2564
4844
5043
4816
2608
4631
707
3046
5109
5155
1376
5891
72
1922
5626
5195
1764
743
4686
1005
1190
4520
2601
1125
1241
4025
5366
4938
3351
998
4456
3824
4019
2684
5526
1577
3906
3729
3668
5736
1826
1343
5977
4778
4945
5934
2637
4213
649
3231
5290
5911
4568
4141
2852
3503
4307
4685
630
672
1249
4075
482
1584
4229
5537
4200
1462
3040
5570
5288
4605
5966
3273
3238
3131
3683
2578
4724
49
5119
4896
858
3225
1072
719
2199
2631
5842
1660
1656
2425
4543
5048
5959
3097
3976
5360
5871
5691
3189
3989
2934
4934
4253
2606
1385
4747
1399
1195
1408
1845
1798
1475
4339
35
4885
2345
4280
3312
2359
3006
3654
2206
4322
5138
3657
3179
3422
1286
4440
349
3416
2137
2691
2636
4016
4267
1681
5086
1443
4355
3215
1671
2338
2798
1692
4419
4771
3635
372
4599
140
5584
714
3188
5483
5306
406
20
1004
2411
2545
2390
4812
42
2830
3371
3022
3364
11
1947
2501
2863
3865
1026
3848
2989
961
2889
3015
3338
4707
735
1440
2875
3986
916
4996
5778
4680
2772
1624
5059
821
1367
3712
5384
850
1000
4454
4114
1637
1667
3173
5680
1347
4677
3230
4338
4601
3232
4895
703
4776
3291
3673
2408
1327
5580
4905
5002
986
5434
5150
4958
4049
3485
2474
3873
4181
1518
1799
1014
128
1364
891
2793
5027
5709
5135
3249
1208
4065
5123
1239
2740
275
1008
3828
2532
1058
4447
281
1316
968
2381
4782
1939
4295
1274
619
4349
1742
1390
4874
1579
1655
3568
2352
2212
5957
3178
3192
1307
575
2360
1280
4871
4955
1993
2639
269
629
4439
3081
3466
5227
4023
2046
2113
27
2040
5415
3216
129
4442
5882
13
5136
1525
2365
3052
4005
2340
374
4367
5146
939
5738
2147
3591
5437
529
3714
1269
1394
4009
2979
1441
4480
1273
1712
955
4437
4789
5295
403
2071
5695
1977
158
902
352
4130
754
2971
5964
2920
311
661
1989
3665
306
2335
2356
1927
3427
749
3638
1266
4546
3595
2134
4109
514
5355
409
4470
5969
5924
5187
207
458
2054
2430
250
5113
4856
1713
3911
715
552
2270
3144
1925
316
5753
4448
105
3041
4238
2169
1709
3174
4473
4044
2848
1
4337
935
5541
2720
591
5430
2936
2448
1576
4998
213
778
3496
2043
5432
1567
165
3566
4585
2013
273
3860
4167
4783
394
583
5974
5558
5987
520
1763
3965
3344
3224
526
2946
3899
692
5668
3633
1050
519
3380
3676
5777
1607
1809
791
792
4921
1855
1980
3233
3598
933
3963
5566
4179
4026
4116
988
5140
3453
5471
3093
3155
3201
4833
2844
886
5912
5515
515
5529
2506
2994
3999
5682
906
28
2507
762
3747
686
4819
21
2752
885
917
1265
5181
2084
1245
2382
3902
1247
3526
2514
1007
5186
2064
4731
1690
5167
1985
2012
3329
2129
3998
5244
3741
3508
2719
5461
2469
3738
4286
4926
1716
4937
1704
2139
3239
2383
1285
4532
1591
5304
2162
2396
317
5377
3111
4036
1711
3387
36
913
3972
4133
974
983
4886
1560
4135
4265
5787
987
2682
1640
1290
1380
5039
3160
2030
892
4069
4255
2
2109
849
2737
2466
1914
1913
2736
726
53
3845
2553
2800
936
4935
824
3401
1389
884
4710
4068
2108
5869
963
4494
2632
704
145
2033
5297
1165
3500
2050
3760
2624
4484
4435
4773
4643
3511
244
4572
2032
5683
813
4862
1804
3241
3521
5900
4111
2769
920
3587
3959
4278
5979
3223
614
5883
3042
934
5405
4850
826
1521
2930
4232
628
4430
3853
390
400
3359
5747
3642
3726
4901
4062
215
1341
5478
3640
5725
3115
4197
4203
3569
4930
938
1240
5003
2120
750
2711
4193
1333
5329
2854
186
2058
5975
148
4124
3363
2866
3776
4953
5992
2969
5201
1708
2953
454
609
4263
2074
1622
5246
2089
5910
3180
2051
1301
3430
1304
4616
2573
3280
3186
2768
4223
2679
2761
5625
5420
5873
5416
5620
3594
513
4177
1308
914
3452
3156
2198
774
4425
943
822
4547
1311
5562
3300
3310
5614
4408
832
3079
3462
5247
3451
4150
3335
946
3293
3057
768
5634
3495
5920
2717
5216
4913
4422
688
3432
2203
2713
4757
5273
3572
4805
1990
4120
4759
4908
5231
5965
385
5577
536
5590
4212
201
2708
4662
4021
1854
2872
3030
1645
3476
3368
3533
5253
5206
126
2935
3531
2730
1639
3281
5517
2443
4807
5282
5743
3325
1834
5929
4225
3756
2371
4959
5407
2912
1857
3068
2204
2626
5767
1970
3110
4018
2151
1997
2192
3762
3597
4711
1318
2136
1065
5568
872
3850
5733
2965
2560
5234
2958
1994
5200
2060
260
5285
3744
1828
1573
4749
5372
1141
2762
2551
2928
4170
1063
5207
1160
3735
3421
5259
3448
1975
2739
4718
1169
125
5367
3086
3345
2797
1646
4123
525
2766
2055
4143
5586
5281
3122
4188
5217
4542
1848
1077
1984
3419
1823
5544
2048
2756
5379
5488
3136
4469
1824
4485
5302
3775
4136
2779
2745
1145
4468
2933
1155
1680
3719
1156
5933
2738
1687
5918
2065
