1097
2784
2440
1694
2494
2270
3476
937
495
798
3375
1747
1487
969
2883
655
229
1116
840
32
1583
803
2110
2981
1067
2428
2928
3437
2998
149
1864
2905
402
3353
2102
3066
3221
501
3639
1113
1403
2657
1149
3248
3636
2586
109
14
2528
1293
1226
2531
2925
1108
693
2989
964
3624
17
2915
3447
564
3643
2380
1157
2728
1563
1786
1057
1602
2475
1017
461
2500
3125
415
2688
1454
879
3135
1954
2459
1151
3661
1818
761
511
1582
3198
93
256
2020
270
889
3320
120
2164
366
52
179
26
1313
1749
2367
279
561
2852
1624
2505
3548
184
2179
321
196
1675
3673
2886
2107
1284
978
1966
1652
1446
554
1488
3409
838
2078
2346
2992
2854
1557
2822
752
3550
839
746
33
2509
1422
443
2628
2554
463
2329
3339
2319
1001
1907
1106
1992
298
2751
2399
3228
721
1867
3203
70
2233
527
952
842
2620
410
3644
2421
538
573
263
486
325
1242
3370
3421
3020
1558
1094
170
1011
897
2309
315
2344
12
2633
3247
2117
2666
1431
2334
2131
1070
314
1735
1498
621
465
3678
3522
2656
847
358
134
2648
414
211
2634
2861
1949
3263
2650
2425
857
1902
1814
1006
3025
3196
1743
1840
2501
670
1075
1584
3500
51
764
1503
2095
1885
2522
1091
2096
3501
438
3494
3410
183
2792
478
1657
1138
1450
3540
139
2677
1483
2162
1916
1945
2057
2990
1071
3575
1042
2553
1620
144
3330
1921
2530
544
2223
2795
1370
1593
251
2850
291
1957
299
3605
2615
864
490
874
567
2215
862
810
3541
705
1456
2865
3490
322
450
76
2366
2536
1924
2238
1292
3167
2046
3061
3549
457
3169
1034
351
3425
124
3018
305
3199
1601
736
1728
3374
1766
2154
2408
2466
30
203
1361
2288
63
3208
2955
3336
393
2023
2147
2140
1339
192
2746
2858
3078
2812
1455
289
166
1745
387
3309
3674
3466
1426
2045
1691
650
1764
3220
1395
194
1468
2739
29
3102
1947
3327
411
2736
2793
2398
3551
2149
1861
408
932
1732
3452
3111
1927
2866
1334
3267
1973
80
1351
295
1029
1918
1641
2757
3200
1210
2103
3658
1221
2997
965
682
2671
1507
1502
1281
3668
2390
1421
2687
2098
257
3086
755
2954
1105
700
2422
3621
2031
238
594
807
439
2872
642
1808
1791
1175
174
3071
214
157
534
1752
1018
1741
2506
881
102
818
1261
2260
239
3223
3635
794
2564
3292
1041
3039
2664
44
45
2097
332
1637
2378
266
3628
1171
1598
2174
3224
781
58
3000
869
1780
2683
3144
802
2468
990
3216
2689
1061
309
2104
3076
1731
1610
432
2206
1444
907
3629
3435
3465
2297
2868
1417
1803
368
605
2830
188
1462
1074
1475
2379
2600
551
1494
1967
1222
354
240
676
1795
1283
1258
3599
3564
1688
1132
1813
1800
1671
602
2284
1322
599
152
744
1882
3011
2084
2272
346
1427
2452
2691
1289
1909
1340
1642
999
178
3654
3168
2534
1950
1952
173
2821
331
1586
430
2289
2018
3344
2988
479
1474
1702
1506
3480
1546
1653
2707
324
1117
776
2003
3027
1615
61
657
1554
254
2493
2069
3324
1866
221
1674
2552
88
871
2619
1345
1897
1188
1514
3164
3313
3053
2644
1288
2963
1697
2603
283
274
2980
3474
2009
2339
423
2766
506
2708
3295
2770
903
549
557
785
442
3058
218
1850
3351
2015
3510
2195
3115
2654
3626
3671
811
1263
3054
2236
2676
1231
976
578
2780
0
3534
3537
1988
1146
2764
247
3141
3095
3001
790
1677
1344
175
278
3604
809
1192
718
2533
1178
416
3367
217
3133
3019
3280
2576
3648
2167
1234
3677
449
1356
1373
1161
2545
2328
433
691
371
3021
2208
712
3085
644
1237
2948
1391
805
2897
3349
246
3355
505
1551
2181
1896
3664
3426
829
948
2113
1839
2225
2750
3451
543
1128
3448
1588
3207
612
3146
3509
2637
485
2405
3492
1052
258
1962
1204
2833
1538
2651
2119
209
3333
1068
3462
2481
1926
596
1662
1878
296
2091
507
7
2702
2844
1726
1811
2878
3378
1667
3544
2571
1053
925
3581
3286
96
43
893
1213
1251
25
2900
679
2618
2964
929
1837
1511
1055
2194
817
2588
67
1849
1187
1779
3043
2471
31
1298
2659
2044
610
2126
570
3406
343
1606
2602
678
1407
3229
3014
2303
1718
1233
2758
3226
2632
2801
576
2285
3672
1497
2325
528
176
2002
422
680
1135
3572
1362
787
1618
3241
2118
288
1025
3357
2345
3638
3561
177
1114
1164
1539
3366
370
2592
729
598
2232
3460
2374
1173
1110
1684
1073
141
2383
665
1461
1963
654
471
1429
1064
759
2913
1987
2725
1499
1211
1236
195
532
1414
2249
1612
3142
1047
227
921
555
2461
2778
2155
3090
3505
2359
631
1703
2008
162
219
2347
2952
1352
1134
1565
547
949
3032
2991
568
2210
2715
1862
1080
2387
3131
3487
611
2543
3204
3372
3595
742
637
2958
997
581
3341
2727
985
73
48
831
1961
3037
1032
3279
2519
756
1123
2672
2011
912
1842
2073
2121
1600
3657
2819
1491
2594
572
2086
2940
1660
2889
1023
2245
2240
2340
1084
2573
2639
2788
1880
3345
1744
3392
259
3376
1904
3316
812
2645
2166
1608
927
3106
2574
3340
3338
2413
1436
1320
1564
1235
1929
1159
2892
2250
2189
1044
1592
867
926
2478
1022
2791
3022
108
3123
3592
3422
3322
318
816
1960
59
2541
1905
2071
2042
1350
3584
3132
765
1078
1844
1027
3100
1003
1770
3158
727
1037
1739
220
1783
582
1104
1089
1465
940
56
187
3611
3455
2789
2476
2318
1877
1272
468
2282
1423
2290
226
535
905
2177
2447
1270
2759
3489
697
3258
210
2937
69
734
1760
1953
3337
3217
376
436
2465
2356
1727
2966
208
1459
565
313
601
233
3453
2295
2972
111
2820
2538
1725
2407
3307
472
2513
2669
2584
1163
361
135
2276
3057
22
1577
1420
1995
695
420
2067
460
87
282
1338
2706
1366
3491
2022
859
533
2996
1632
1206
3627
2924
2591
1536
3623
1336
2333
1200
3593
2984
942
3535
1717
3555
1822
887
3483
685
413
789
1972
2629
1623
2829
1979
1891
272
3310
521
522
2662
350
1378
1587
2867
1315
651
3393
3261
3407
1228
2606
1452
1647
168
3412
962
945
462
1545
328
1412
2335
367
3178
3049
3637
2856
772
2566
3293
3069
498
1360
435
365
1532
276
2439
3615
1442
407
2555
2063
844
1941
1220
2183
3538
3190
1432
1457
855
1742
2043
944
199
2274
2585
801
2985
2430
3529
231
2803
3230
2535
2622
2507
3475
1626
2668
3511
1143
3276
191
104
2730
2093
1174
1517
1398
1392
1295
2810
2605
2458
1537
2230
2855
3588
3401
1402
3093
994
464
3660
2753
2956
1922
3388
2631
212
1036
3559
900
1419
1425
741
3233
2851
3269
509
597
1566
981
1255
3238
518
1268
767
2437
421
123
2202
1309
819
100
3235
3398
2804
3214
1103
2369
2714
2941
3443
2658
2148
2840
982
456
3083
2611
381
3428
2748
2254
1010
1501
3670
662
1556
3520
3332
2665
2762
2881
2798
2655
845
542
3244
2351
2114
1196
1102
2470
2241
1872
1825
2292
2028
1048
3610
2488
2515
2227
237
1278
1513
1133
2401
2516
163
2891
252
1509
3326
1656
930
1835
2978
1765
1510
3493
2196
3358
1090
2933
1650
1181
593
677
41
3618
3612
1533
1815
243
1124
3159
1609
1330
261
1569
2066
3530
834
2907
1706
3524
2973
340
3185
748
1611
480
1910
2034
1775
783
3432
1820
2709
2949
1831
3256
2832
1377
2423
2601
2244
1271
2932
1127
626
347
1572
2348
2877
979
3165
1681
911
2302
632
1490
445
617
2316
1616
1940
2320
3418
3122
1424
2974
1883
353
1232
613
1411
1467
2416
2019
2330
3456
57
1729
1830
3519
1253
3282
2310
2643
1869
1621
1778
3609
560
707
1580
424
1093
1376
647
72
1793
2674
3139
1005
620
1406
1925
553
1971
1614
3264
2080
2354
998
1847
1860
3249
1397
3365
3603
3659
3607
3497
440
508
1100
589
1672
649
3352
3126
3546
1784
1807
660
630
2845
1249
1480
482
3240
3138
1651
3329
2377
3602
856
1225
1190
3160
530
2457
49
2597
858
1767
1072
719
1777
3088
2755
1956
2130
2609
2607
3275
2172
1937
3503
2526
2647
3284
1553
2623
1385
1399
1195
3463
2436
3383
2772
297
2163
1264
2216
958
1788
1826
1644
2222
1374
1286
2014
349
1368
1876
643
2157
3038
669
3335
1871
3008
1552
1179
2743
1578
2903
2077
2185
1357
786
3299
140
788
323
3303
714
1983
2186
3396
1769
3096
2930
618
406
3128
2667
1613
1720
2229
497
2342
342
2384
2776
782
1323
2129
1670
303
3433
2268
664
1177
1244
2246
2123
2885
3281
2942
84
2712
941
961
841
3297
2906
1789
2144
1912
290
2624
2350
1894
3080
3328
604
3222
916
1873
2252
1099
1088
2575
1948
821
2525
3472
3254
3016
1302
1000
2029
2887
1477
18
493
1125
1404
2495
1832
2257
2234
3325
584
2805
687
2259
1659
2679
3350
1009
2953
360
3129
3356
2358
1310
3035
1754
1886
2212
344
986
3031
743
2004
2037
1721
113
1437
2153
1241
1142
2221
1216
1198
85
2372
2529
1381
1805
668
1014
128
1364
2902
1736
891
2370
1359
307
383
150
1317
1451
2876
2402
426
494
1207
2653
2279
1208
2802
2969
3554
2987
1239
2357
3377
275
489
1829
1229
690
2817
2451
3381
2862
2912
2890
1058
118
1024
2024
281
2159
1316
3655
968
1665
1738
3364
2127
619
3015
155
3585
1655
2269
304
3116
3121
3526
3675
2741
1307
2059
575
2400
3148
3212
1299
132
1993
2946
2396
843
2550
1898
269
629
1033
2132
286
1326
3042
300
2921
3301
1447
1472
2608
3294
3386
65
2720
890
3097
3193
2578
1846
230
503
1833
3265
380
1525
2115
1859
1004
836
3640
374
2112
2589
2716
939
1321
3287
2540
751
99
1543
2312
866
910
2005
1575
529
1260
1801
2258
636
1269
185
2313
1798
2281
931
1441
2247
3055
2596
1535
865
2934
1273
3237
2749
607
2184
1712
1964
151
3210
2626
2010
2355
731
2406
2341
3343
23
3084
158
1748
861
2138
902
352
1230
2763
444
3600
754
1737
923
1666
3641
2580
311
1375
548
2446
1746
2124
2880
306
287
694
308
2704
1756
2834
2337
749
1590
1170
1874
1266
1991
2696
908
3363
86
2910
1936
3046
970
13
873
1723
808
3154
514
2947
409
2364
1337
1413
2769
1977
3156
2322
6
382
2218
2684
1938
2016
3427
1713
2464
2053
1393
552
3414
222
1382
1096
3180
8
634
316
1328
427
2025
105
2752
142
121
1965
2898
3513
1189
2419
3182
3481
1689
115
2092
3268
2686
2627
3429
2561
3614
3117
3213
672
3394
91
1109
2170
591
3666
3416
3271
888
2426
2251
1576
2392
1714
213
778
2636
1448
2273
800
3030
2299
2176
1567
2794
3262
1518
2168
3321
1343
273
1812
71
720
1740
1087
394
583
3557
2484
2474
500
2490
2899
2884
3652
3360
2415
3558
1763
3136
1259
3007
3565
2321
205
733
1176
526
2882
915
898
377
2577
1559
2314
3285
348
386
198
3596
1709
1050
590
519
2477
1628
2971
2499
429
1083
2171
2013
207
491
2293
1809
2090
3568
792
3045
2582
1186
1980
1185
1550
2673
1915
2610
2732
1530
1410
1476
2699
3373
1797
83
1978
2894
1999
2726
20
3622
1627
2178
3273
1405
2442
1730
1562
3667
3331
2441
973
1710
3420
2403
883
1098
156
2787
886
3676
2228
1512
3028
3048
3486
3539
2375
737
1453
1505
2256
2663
3246
458
2414
1951
78
3570
2548
1056
906
2211
2717
947
3094
2460
715
2567
686
3140
2721
3647
885
917
2271
3266
1265
483
2765
3181
277
988
1245
571
1435
993
2111
2083
585
1349
1007
674
447
2099
2768
2064
2916
2307
1690
3188
1247
1985
294
1547
2012
588
2825
425
1054
3479
556
2382
3260
3257
2496
1193
1716
2503
3317
2266
1285
2298
2323
2943
2087
1889
1591
3245
3091
2968
1137
2353
3458
3477
1711
3041
453
913
2562
1199
1274
37
974
983
2462
1418
1560
39
1486
3155
169
1355
3578
3306
2480
2429
1640
1290
1380
1933
579
2030
892
780
159
2
3033
849
2213
1596
1776
1913
1043
1544
2242
53
3543
1911
2473
824
3517
1389
3013
2304
1607
1594
771
1868
1085
2510
1325
1463
806
2740
2283
2108
3197
3613
963
398
3445
704
431
292
3473
145
2033
2587
1165
2050
3515
339
2226
265
2864
1771
271
696
3645
244
3450
476
2032
3186
3187
813
1914
3103
3619
1804
2678
250
545
738
310
1131
1449
3563
15
3225
2754
2957
363
182
1194
3495
1121
1182
2698
614
1466
401
934
2431
2424
726
826
1521
136
628
334
390
2823
1817
3305
710
1039
2409
3176
1561
3379
3081
1112
1223
2453
1508
1750
3291
338
215
1341
3075
3439
2381
2287
2486
101
2993
171
107
2579
3662
2700
2456
2338
2498
2463
2760
2859
3151
1040
2120
1524
3552
2248
481
2614
2718
1762
2994
3109
2542
2512
405
757
2404
97
1333
2920
3395
2417
2058
2583
148
28
2514
2420
692
1386
1845
2517
1599
701
1708
454
2040
2570
2315
609
167
730
2646
3290
2547
1622
587
1401
1700
2682
2893
1379
2089
2175
2649
3616
2979
441
2051
1301
3107
1304
236
520
735
3251
2106
592
1303
1387
2389
3482
3468
904
3562
1279
2935
3528
2308
2918
3012
3382
706
3236
745
1939
2412
513
81
1308
3047
914
3384
3368
774
329
2054
2001
943
822
909
181
164
1523
451
1311
1111
3044
1287
327
1790
3253
2007
1858
312
832
1201
2828
2411
2134
2209
3137
1481
777
799
54
1920
3163
2641
1701
2161
3441
987
2638
1394
768
3250
285
3231
428
2332
2079
722
951
2262
989
3424
2487
326
1383
1724
1086
341
147
2857
1107
848
966
3239
2203
661
1002
2860
3077
3346
3252
1879
3454
1203
1990
24
3446
2483
3594
2813
875
3300
938
2394
3063
3642
385
2807
3064
2694
2291
3215
936
3656
2360
3583
1332
1934
935
2418
566
1854
2962
2467
1645
2599
1792
1430
2835
1013
1928
2847
126
3270
1347
355
827
1639
984
2188
3532
2443
362
2349
345
3397
3232
711
2527
10
2951
2116
1834
793
3389
94
129
2371
2742
3560
2263
1900
2685
2927
1932
2630
1865
1658
516
1857
2243
1277
3545
950
1120
2204
419
922
2697
477
2035
2670
1692
2711
1471
1202
2438
1669
3403
1970
2151
820
1997
3516
1248
3496
3259
2190
3201
1046
1888
2469
615
1318
3536
3573
3587
2136
3004
1772
3617
131
77
2052
724
1314
1851
3580
3105
3036
1372
1855
1319
2560
3523
2661
375
1908
333
2761
2815
2365
1604
1118
3469
1943
2771
2376
3082
1342
320
1619
2986
2060
2219
1673
1942
260
2874
2039
689
901
2306
2026
138
1917
1828
1573
319
653
2137
2836
558
2187
112
531
224
723
2965
3145
1433
2373
2846
2929
1458
3308
846
193
1464
2621
946
2021
2551
1629
117
645
1870
3
74
1755
467
5
1246
919
2595
228
1063
2590
242
3504
1160
3074
3098
2563
1526
1605
3415
3651
2843
3113
1989
2873
2362
1975
1761
1305
1541
3189
2472
622
2827
1493
110
2275
3070
1169
3631
232
66
3315
2072
2192
536
125
2133
1254
3034
1976
3006
2841
2075
484
1654
3278
2775
3010
1774
2410
918
1646
1026
1030
882
1335
2722
2713
364
2125
27
473
525
725
55
638
3195
1276
3227
624
2055
1280
1049
47
106
1079
2286
1144
2917
2296
1836
1753
1101
1968
2781
3362
523
2692
2581
3194
603
1489
3679
3390
60
3369
671
92
666
1887
280
1719
359
1935
1994
2826
760
3211
42
204
1473
2593
1875
2909
2231
137
758
541
1019
2800
248
1331
2482
1358
1329
2785
3566
2922
3361
2448
1848
762
388
235
3192
673
249
2201
1574
2081
3206
3143
3359
1469
716
3177
3625
2048
3052
1168
2724
1460
2818
1893
1668
475
517
384
2970
1633
3506
688
3173
1240
852
3371
3026
1262
223
373
1824
3101
3518
3179
3288
2871
9
2497
1838
708
1617
389
1581
3400
2895
2508
2936
1224
2549
739
40
868
3068
2723
1145
1031
372
667
357
967
2831
1035
470
3172
1549
1256
2094
1555
3166
1250
1699
1252
3391
3411
1172
2220
2719
1140
1531
1214
3634
894
3577
2523
1683
3130
3072
652
3508
713
3620
1205
2923
3023
1827
1155
216
1680
2076
1217
3512
2217
1676
2960
2539
953
2705
3669
1156
2982
1065
1062
1167
2938
2995
3024
884
3606
850
3484
2502
2492
395
3431
872
3567
2326
2710
977
2786
2808
1649
1625
3017
2896
1630
3436
3434
1687
2839
1015
2816
3438
2809
3498
1635
957
