5709
19134
12960
11805
1611
12063
11816
11419
15067
4699
7149
10525
17431
17989
19565
11114
6132
5922
2065
14354
15121
6389
2602
15186
2554
6179
16111
9859
14660
14349
6874
12113
6463
11039
8735
16926
18640
14572
7958
17158
16407
16567
12566
13636
4981
9165
5059
3143
15081
10624
15135
17994
18010
12248
9357
17934
1419
12956
19242
4010
18989
19696
9809
14689
7596
11592
14816
17393
4333
15811
19252
19422
6670
12598
7417
16586
11307
5503
18424
9688
4671
18726
11778
6808
17299
10887
13736
7841
7552
12537
6535
1599
12007
15704
7672
4058
15919
7826
3710
10560
17485
18694
1710
17554
17622
4148
5584
2020
12505
16679
13532
6215
19618
2319
3507
3024
15099
2698
341
3265
12470
4847
2814
16857
14672
8455
5940
8689
13266
6647
2298
12385
15133
6698
10408
11352
12556
409
5363
13099
10969
17887
7317
4779
8541
13868
16912
17885
2388
11337
1554
5485
13844
18452
19184
7757
9757
15416
6444
11924
13758
15382
14101
10769
11936
11075
4048
8176
6624
18779
9538
11881
15653
12989
14850
18401
14324
2519
12844
6867
5117
17325
16254
828
8710
1994
2207
5005
18719
14037
4307
1114
8293
18393
8227
18188
9863
5625
13557
5446
16397
3421
351
14720
12125
2315
16072
5128
17598
5990
18739
11596
18467
15376
4991
2117
19169
385
11474
322
19672
16485
17388
19232
9068
11552
15008
19498
10078
503
6108
14511
6650
1606
15311
4556
5970
10418
14499
6424
8354
10824
438
980
13072
15750
16908
7535
7786
13012
17021
1456
8492
13115
11798
3784
14276
3769
13393
16892
2174
8028
2616
5561
6095
10119
4034
11066
17902
15443
13357
2189
19474
1402
13852
10953
13883
6712
115
15214
8440
5714
14030
18612
9526
12528
1692
10454
18915
12477
3415
13730
9831
6880
971
17190
960
1443
4540
7346
8345
15806
11000
19250
15498
7870
7671
18240
15295
13683
17119
16676
3922
8323
11597
7791
8545
4525
11233
11756
3207
18768
4602
3921
18516
10240
8936
8845
9188
10128
15190
8140
5746
15171
10974
8937
10021
218
12733
13836
17442
7017
451
3115
3820
11198
11119
18061
17280
15484
14628
13442
17947
12369
2767
18443
803
18651
17802
326
2771
2879
14413
313
18078
18568
12110
14370
9085
6677
7613
6536
2579
3559
13369
12894
18507
17730
2141
14102
16366
13674
18490
15248
2301
17815
936
12860
11399
18903
16248
1272
17638
9003
4031
12885
3184
3142
13028
5217
6810
19703
4639
2300
6084
2265
3023
11545
2909
6478
5557
4373
14539
6193
15231
16686
15758
17093
19481
15893
11604
6298
17330
2133
17763
7163
11456
4519
17390
6245
1510
17296
16295
13064
9466
11487
7677
4828
3633
7459
15161
718
17477
12137
4069
3287
19375
12825
11229
10666
7176
3375
9055
11736
484
10107
5183
17855
5385
13366
10739
4978
3458
6803
9060
10264
5787
13177
16641
2247
6667
7121
11430
2571
6526
4751
7161
5576
8374
11264
13302
8833
4702
8242
3002
2448
15289
16670
11521
9245
19290
18855
13430
11911
11504
14356
7592
17688
10127
856
16026
15784
10714
3707
10700
8396
2277
16191
3477
9238
6136
8596
14234
3947
8045
1147
1489
14891
13063
1087
10494
8530
17497
5211
7975
424
4269
5809
7316
13236
18495
15318
2312
17035
12014
4043
5742
7495
3901
19698
17500
2559
7302
17900
6779
9748
19288
4186
3125
6068
11247
7428
16269
3529
4097
4739
10620
11935
17374
10017
12587
7589
13876
2392
11896
13480
8487
19258
7948
11825
10884
5908
7914
13066
6253
10075
4822
11626
3482
10613
14517
14725
13114
2232
16265
2444
6525
18798
7513
221
18782
8083
5903
210
7053
499
13421
16434
16845
180
12348
13468
11361
17724
15611
12141
466
59
4028
4794
7976
1580
4772
9558
9875
2129
3315
14934
9384
9498
10026
1182
6206
10242
8784
9696
7879
14305
1739
8425
15010
9246
8891
4667
4510
17389
11997
6216
7900
200
6062
15366
12457
12417
15024
5652
7442
13814
15652
15255
15607
13330
16059
19322
17122
5071
14634
2777
19694
11099
2932
19066
2998
738
10144
2959
9191
8929
4045
19432
2783
12414
8604
10105
16251
14848
16466
19071
6812
3984
17734
3047
2085
3528
11418
11277
13927
18158
9542
18193
6662
10036
9015
2235
10537
6756
13432
12412
5514
16483
1337
8647
2026
6501
2826
19745
8670
2150
9812
3721
7885
2703
4436
10935
5250
11218
17834
12481
1282
3434
16168
11988
6562
19070
8468
5736
2386
1297
3570
2859
14421
10543
2043
17420
15016
15471
10217
6070
9586
17462
9469
9194
10074
2621
13398
14023
18730
18033
13815
19669
6959
9273
11285
15192
3472
16754
14497
13460
15861
19018
13561
8238
5642
7472
15170
1453
7514
7202
5381
88
8830
17096
7363
4194
12878
11952
4166
12962
7839
2145
18860
9113
7115
4528
18100
14465
11309
2878
17186
13161
12105
9162
4610
12377
7944
16129
11973
19780
10630
18415
4193
2516
11214
928
1290
3128
11859
8056
9827
4824
19824
7395
9405
7828
3571
8295
7451
257
8268
1807
4449
16681
19403
16398
1905
1034
6113
4116
14937
5597
1632
15624
11010
3525
18700
6775
10719
2414
17025
346
12767
13311
16689
4202
16416
16672
14789
8766
2781
18251
5143
9532
13008
12239
11982
15120
9811
12011
1346
18654
5865
3964
4344
10092
10134
14118
8131
3643
5199
4336
15298
2724
10265
6020
10008
103
19526
3971
12264
127
1815
1027
15103
11339
18183
12462
8253
3844
18092
119
15782
7908
18673
6822
1512
17919
2221
7138
18770
17796
17126
18964
9547
8850
19176
8973
1522
7567
19524
1092
1535
13062
9893
8528
12482
17550
3934
16475
57
8380
18016
17206
12221
8196
2545
12386
17818
15992
10228
7537
2856
7511
8337
15972
5034
4101
14131
18255
2177
8507
17391
3739
7180
19228
9458
13630
10347
4980
16235
7831
1862
5847
14835
17612
6246
15984
14618
379
15420
878
1527
13190
15347
19776
16097
9326
13027
10272
1052
16121
13361
14491
14121
16831
19472
8288
13314
8225
15975
14224
6387
4625
17290
13420
911
3277
7092
13293
4351
6110
15723
5438
1604
1084
13988
4032
16056
16888
7071
3481
3836
16718
13176
19027
12441
16486
5805
9681
9052
11409
16961
10615
6292
19439
10512
251
7326
8568
11191
1534
3958
14914
10311
5638
13496
9014
17918
11686
19268
14142
14611
13663
9578
16205
15917
10224
17160
2794
17819
12571
5996
14049
2008
8260
14187
6607
3608
16152
3
6532
15873
7606
8883
14249
18930
16776
344
19099
4577
3894
10520
19240
3486
7528
2754
42
15756
2805
795
2699
15100
18026
14426
18756
16844
8951
2714
6367
18442
46
19678
16797
4168
7724
6218
12218
12274
18740
15085
10842
5925
18832
5846
16141
6687
5224
8829
14493
14768
2199
4618
14108
15187
11540
19410
15971
4819
16073
4438
8966
16811
14331
6599
19764
19333
8115
7784
16423
8851
2250
2730
18274
17418
17373
12646
16110
708
12484
11056
18584
688
11097
2968
2034
14651
19803
14205
3213
5236
9090
13096
7921
15363
4881
13317
13465
18487
18505
15442
2119
12092
13267
2885
4442
14035
13763
19417
7068
18145
17322
7913
10984
4281
5566
4768
6648
7510
8810
2512
14685
14987
3263
15518
19114
17031
5888
5412
13082
7293
11165
13661
6399
4226
8618
1493
9910
3795
5160
3502
1162
3733
10044
4417
8918
3352
3410
16752
10510
16207
16429
14600
6814
15922
8675
2267
15938
18498
6355
17254
9880
4527
7717
10605
4170
563
8726
14825
1978
8198
13454
10333
826
13439
13129
15329
4104
18599
290
8203
12004
3941
6161
12859
16340
18306
18432
8916
19798
19196
12701
15759
7294
3050
5129
5112
18477
11243
10466
11912
19685
14815
16709
8610
7834
16847
13038
15090
5971
9489
18361
5225
3545
16307
13811
1355
5610
14767
2480
1153
19484
2830
8576
18539
9459
3268
13653
7627
18256
6888
9931
2864
9276
6551
2084
15693
19510
8171
852
467
8852
16359
18420
13235
1350
16734
736
19508
9172
9250
11457
6405
450
10784
11968
9630
6847
8950
3222
8018
2140
11917
1768
1144
6467
7726
14966
4393
13982
10439
10312
12538
41
3062
9051
14123
10210
10915
11026
14759
1123
1901
2760
4547
5245
11467
6228
9594
5732
8233
8860
15608
5163
19327
7049
7731
35
15574
14353
10048
9367
3210
12428
9502
17795
10823
621
14148
16934
323
1624
12902
17103
13526
18160
19185
1227
12506
16881
15428
19396
2585
4345
16796
5800
2796
12830
3846
12202
6346
17620
15212
18206
8416
1838
4286
19212
6224
18258
11548
6258
1261
2973
2622
2111
18876
2334
2308
1981
14675
4375
8211
11836
7555
18317
14455
1704
15897
17355
10290
15165
10502
4021
3323
3233
17534
7676
14019
423
4315
11727
12405
12789
3449
2929
16971
14008
12314
15712
18422
31
6946
10499
7462
6871
9679
16799
7664
8019
12171
10289
1530
16222
1321
7285
2743
2812
2797
8888
15256
2408
16415
15853
6373
8573
7691
1429
217
14454
11206
265
1396
14878
11541
18408
3425
12838
5149
3635
7348
9722
17683
3169
5849
14861
12622
15144
9539
2988
9925
6390
4205
2041
7771
8421
10712
8174
19316
5751
11376
9838
19113
387
17409
3588
6067
18159
1035
18200
5933
11067
10327
17686
2678
6730
4197
1163
5449
11651
9674
19743
12244
3595
9242
18081
4153
11443
11212
15461
14869
10172
6235
11900
8843
9710
17
9939
15763
1328
1444
18397
16889
705
278
7722
18601
17768
15199
5743
273
15315
8679
513
17038
10639
7821
13915
17869
3405
3208
13292
5174
4755
12675
8142
19513
9871
6920
3979
13371
7284
3200
1427
9770
13260
4462
18332
11025
11333
7733
19103
13920
13506
3353
11687
17533
15435
5502
14951
7720
14704
7048
4629
5916
13002
5148
4037
19269
8827
18310
18563
19848
11854
4982
5921
16532
476
7443
2503
5500
7782
18577
13174
16674
6134
9507
12925
4750
2279
3165
6225
16015
4447
3282
4128
9561
16508
970
8451
10679
6904
12425
16051
14812
11050
7897
16596
19135
14438
11455
15221
6590
6438
17838
17436
11476
7920
12463
11227
10999
13781
2605
10392
733
14335
1747
11081
19821
2405
17722
1911
14967
3649
16781
18762
2270
11424
16080
18186
16804
13858
12649
6545
18161
6549
16705
16042
17050
19383
19278
13541
2225
14582
13826
9754
8164
14450
18460
3800
18144
15303
10508
10807
6063
9514
7681
3948
8513
16454
2127
8870
6165
10968
2214
7200
13800
921
1086
12459
17002
7181
977
14015
5272
7571
651
4084
11841
1362
3000
8192
16276
4767
7103
9801
2549
9946
7487
7386
1288
4279
18453
11928
8696
7408
4653
11507
5905
19586
11320
19210
3256
327
14700
18111
10120
14254
18205
7110
10226
11060
18772
3043
4572
1383
13819
6703
10215
18749
8889
9289
19621
1712
9565
2325
9881
17046
5306
14216
19077
3912
18363
169
13085
6844
7696
11679
11038
4816
15566
14128
8348
17155
3070
8952
8132
19009
18734
7449
12723
15283
11858
6602
13642
12930
14174
4496
2676
3298
11366
16471
8327
9601
3474
14319
11869
7268
15217
11509
5945
5954
13676
7700
8481
19482
15044
9054
4309
2701
6462
2626
5685
13708
5352
11710
1397
10979
9495
6237
1006
14171
19335
11551
17398
5657
19161
2195
3579
11624
1730
19267
15789
3269
11275
3189
11082
10282
14801
5995
12846
18657
447
15362
10862
3429
5758
6626
10155
15041
14435
14860
16375
2112
5863
11359
14550
9606
12510
17375
11188
5203
10906
5858
5000
7457
6455
8413
19515
10199
5382
16252
3974
6556
17066
5587
3011
16839
15569
7327
13119
13186
17499
13656
12082
1962
8126
16149
13950
5678
8352
9123
10256
2534
2495
9639
6472
5836
6
6069
695
2712
11236
1347
17689
17464
247
7563
7621
14601
6434
6527
3230
15862
8542
11976
17952
8099
16993
10782
10323
14411
13698
9593
5814
1023
12321
15274
9406
13021
3698
13254
14404
5459
16941
15196
12762
16606
7716
4024
10742
10080
4445
18695
9535
4788
13769
11623
15477
12887
11208
2393
8585
16008
7517
4596
9623
6723
11792
19167
17571
139
7038
10498
14368
12490
17277
12295
2740
12965
7873
558
17635
15663
11853
19139
13106
12128
4073
11842
15800
11396
7047
2992
13068
14661
17473
13111
8122
137
7501
5859
13413
13748
11888
19241
17148
17873
14100
15766
14090
3248
13818
4880
19514
11933
6418
2748
1705
4580
8043
19235
2238
9010
4219
17609
1729
9416
17592
7051
2641
7484
5763
6428
10581
11610
10411
12122
5168
19623
12303
8194
18305
2766
7101
6029
6301
1869
9195
1430
14112
19754
12276
11775
16549
4973
11006
13164
17067
8144
1199
9614
7749
18894
2937
715
17490
8763
17094
2946
6699
361
15857
10406
14829
15011
10549
6497
12840
13408
9143
5900
6685
10810
1157
11665
10569
460
15937
16339
12892
291
3242
13453
12146
13776
17367
2647
2090
5702
15021
15644
12555
3310
15009
5937
2483
18945
17444
5345
15871
17104
9842
7859
7895
10607
13424
7321
230
12362
17858
3111
8336
10584
18167
16234
16565
4475
12597
2910
19767
11269
12008
5259
6601
16680
8972
17270
10351
10182
13300
6753
7270
18570
19110
16356
14854
9409
9086
18715
11289
4356
2361
2578
10257
3826
19056
18276
15916
7997
7556
11844
14201
16533
1957
487
8317
13802
19613
9640
9251
17281
12195
5100
7704
17972
7858
17672
6866
1020
2380
9575
4688
2898
14304
9646
19843
11715
3503
15130
17632
134
14126
18725
6066
14853
7661
16262
3585
4885
5549
6593
7810
8341
8991
10037
485
11963
967
12612
18109
11909
12324
7827
13243
12461
12963
19765
9236
12998
6006
5861
3376
16451
7019
8291
15063
3699
6958
11009
10159
5090
14610
11103
16240
18223
9016
5350
17476
7578
601
3335
19330
7656
4832
11253
2167
7157
16461
4936
15828
9708
3616
8057
411
16976
6051
17699
7120
16221
15097
2075
11072
17541
16308
11733
12798
4339
18321
4463
286
1323
3752
5468
2346
72
12376
410
9202
2930
9125
8364
7361
3725
12224
17860
14633
16795
8375
5665
5081
6072
9422
12554
19342
14765
13952
15138
4842
7476
9656
8147
11628
12896
1071
17876
2450
11147
7159
4285
10191
15094
4413
9248
14592
5761
14915
10806
13925
6076
15594
11370
10126
12561
1731
7245
19221
697
1005
10393
7808
12833
10909
2948
16354
3919
16365
17345
8794
10443
5943
15929
4852
19237
8886
7198
3965
10212
10156
2101
14267
101
4156
13039
17165
9382
13845
17606
8180
8565
5764
1664
19413
4518
1476
8653
16139
16809
635
817
4371
6045
10301
15204
8034
16330
707
18084
18173
10572
11786
19246
2677
836
3314
7172
7588
4741
9153
18743
11106
6846
16247
7197
7330
3077
1158
3578
3489
10223
11579
4902
123
1247
820
6933
6291
18515
12331
18926
4265
16066
13538
19463
5568
9210
3508
18823
11327
15752
17138
4400
6442
6181
6824
963
11248
1959
17647
9814
5862
10430
10989
12952
8651
930
12035
3059
6798
13812
2152
9389
8121
927
17810
8029
4600
18592
15128
13787
15610
8229
16861
12847
15111
4983
19042
15855
13356
16995
14402
3461
6162
8685
12548
16472
8379
19453
8586
8694
11659
7575
5928
4985
8279
14156
18347
5083
14989
4742
4966
13462
6377
3617
14840
11934
15687
13351
17967
13934
17822
17307
8303
7298
7779
12047
19571
1557
14761
17751
15154
7981
13533
3843
11518
15015
9976
16882
5351
16810
19838
17643
9798
13118
8262
15840
18308
10880
8623
1697
18561
6119
13441
19002
17755
13799
1066
3105
6848
12740
13262
735
2439
16613
2498
18825
9990
2136
3999
4293
6126
2039
9315
2360
19234
7344
8805
19096
4914
6325
18028
14988
6286
10835
11583
1219
5421
15659
13206
9568
14351
12309
15436
9002
7220
18021
5927
15478
19666
9397
14919
17020
7930
2046
8182
5418
8875
19768
7806
9534
17605
5031
14549
4546
3926
6987
13908
12320
14230
19358
16441
8319
4622
19354
8280
16179
5102
7150
1026
5252
7931
2624
14261
8862
11124
3498
15168
14065
12209
4074
3755
6173
17908
19217
17133
11906
16273
16647
3753
13658
15400
631
7665
6015
1119
2290
10547
12550
8814
11453
2184
6013
7301
18115
6267
274
14176
4420
1804
16495
12307
5348
7097
13214
7816
16696
16238
14431
12842
14918
11135
285
12888
15403
4391
18810
8443
6913
549
16325
6427
16915
10071
3509
5472
6835
8858
3656
15000
10477
19266
3920
18802
2067
18783
15832
19545
11464
15049
8796
10928
8486
11193
10254
13360
1358
5170
13143
3171
5635
2255
3274
5483
14260
10016
7155
10994
11235
17084
9038
8108
15397
13358
12456
3857
5230
3485
4178
49
15075
4484
8955
5749
8892
5227
6885
1303
18846
17113
15963
10788
10885
17980
10476
15833
11660
426
15342
4989
12637
16627
4149
4229
13138
10993
18537
3211
18131
10475
10434
9905
15967
10331
11262
8957
54
13884
7167
11913
14750
401
10870
16484
6137
5248
11914
17285
7949
8452
10511
18241
1722
5513
18653
16355
12074
18107
15445
7403
12240
9144
5762
8509
15365
3204
4401
9102
9527
12976
12836
5647
18395
10484
8394
18142
608
14883
8510
19
15889
19206
14623
8470
10649
19045
14702
12927
8010
7562
11893
5923
3073
9841
11807
14957
10743
10633
11986
11822
14676
3821
5384
9691
14428
7814
7603
6484
8765
17193
17321
9231
14736
12238
16342
6151
12568
1983
19635
18335
4548
4338
9391
4472
7547
657
14588
751
2081
12041
4680
14787
15730
843
2935
17896
13373
10731
19607
10281
19226
3018
19214
553
10346
14882
3341
12354
576
11429
9243
14585
47
7946
17915
8423
18331
8195
5394
1215
9313
1944
16242
1450
16621
16543
5453
19846
2403
10505
14054
10279
9061
11558
14317
19489
2168
9360
3975
19101
10650
13892
11804
9672
12660
1213
19025
15509
13714
7649
7506
16614
4318
9620
744
9477
5436
18003
16931
4296
14647
17551
3776
15973
729
1640
17400
12179
3703
542
4456
17184
17272
7888
4489
241
4941
3910
15820
6580
17333
1952
11550
11885
1594
7974
10336
12176
9282
13899
14328
7471
15628
2078
4007
5512
10995
3488
6451
0
16937
18318
4977
8064
14017
7360
15749
16577
2066
7085
9098
2271
7100
17792
7093
17789
12806
15872
5826
19435
7473
3702
8552
18878
17003
6275
18216
8387
8483
8928
7916
7015
4972
4115
8909
13766
4930
8932
17354
18051
16791
12061
3522
19494
4140
9286
12483
8116
18082
3532
1175
3366
5601
11688
14374
4724
8299
9887
12186
16860
16529
13880
6631
5589
8251
10795
4609
19298
18910
3035
9634
1166
15468
9157
4013
12906
6951
15351
6220
1783
1413
1130
17579
14731
18626
15062
3886
15616
9658
13646
12631
16812
10241
13740
7626
9092
4871
5198
19561
6695
16628
3652
11730
16503
10764
5786
13137
4771
3068
11417
15863
11823
4254
16413
19544
15167
15277
11364
15631
17914
3950
17178
10959
17805
15027
5687
5952
16530
18816
19479
12136
12049
10815
12727
12657
17872
9317
483
15359
1315
3015
13252
18439
7775
18710
4325
13477
12938
18538
3106
2485
19289
14163
19331
10249
907
1576
13960
17147
8981
1339
17793
17555
15218
13685
10110
5934
15258
1989
5489
10585
16650
5391
14584
14152
14339
7375
12761
121
2609
9482
19023
13251
7250
3295
8031
953
8153
11766
19094
6490
15285
5689
10422
10715
4291
2540
14990
1270
17895
16767
1691
4909
17217
9584
2727
9452
9745
7275
6750
2974
6936
6909
17578
2045
18757
6903
16864
2736
17452
1208
19281
4072
5460
4740
19570
15296
17056
1090
3120
11144
10322
8223
1533
12294
1411
9835
3860
12220
2614
5099
2546
18647
9922
16202
11656
2664
14106
8801
9902
15451
13355
13144
8206
5371
7191
5857
10536
17665
10300
16351
10373
5716
2950
5359
1393
6600
18329
14577
19127
3014
7541
16506
15548
15803
4488
15736
12873
18037
4252
1767
12691
8193
9059
12160
14479
4245
5135
7639
13755
11658
12054
16183
18295
6417
12060
6612
9737
11584
12922
15961
3468
5572
1002
1061
12034
16658
4743
5631
7356
9725
11812
13606
15881
12858
18824
14186
13427
9444
3623
10583
9751
4843
2146
15339
6423
2662
9901
19687
7021
19840
586
15579
10371
3194
18735
2953
2266
15578
4352
16227
12151
12350
5963
18029
7278
13415
3778
4230
7077
17413
9214
18794
9723
8612
12291
4404
2638
11199
15270
4160
8025
16410
9349
14436
10038
7203
16999
9263
17910
2442
9198
19195
15431
14786
1570
1398
2281
8517
6619
5719
2021
15852
17004
7735
12949
15854
13263
4720
7458
2002
18532
2556
7655
2305
19367
8117
902
6813
6914
181
1063
13505
7438
4614
1853
9380
14697
12147
12154
17161
4706
9982
4165
18250
16770
9942
18049
1926
7434
16545
4954
9272
7030
50
11603
6027
2497
7003
12467
16821
13079
11759
2458
6725
19785
8318
5792
3393
17268
5332
6023
10726
10385
9213
11058
5022
9178
16651
16745
1097
6210
19693
4738
3798
15530
10597
205
17957
7881
16948
2086
11096
11323
11636
11426
6323
16190
3686
3682
16350
19412
8408
431
2533
2202
1572
14827
16267
16744
1277
5815
16534
16274
5331
18355
4189
8917
5658
17946
8546
9701
12710
19501
1372
884
6352
1039
14076
1470
8410
293
2445
12574
5018
12343
6489
17415
12016
14410
2095
18124
4877
1194
2636
1010
3511
19820
13591
3433
9955
7682
12381
19081
5215
6504
9450
900
7474
934
6164
13349
12085
17252
18203
3302
1343
13837
359
5226
3519
18260
3848
959
7359
1148
2954
5019
2051
6868
2054
13577
2501
18389
4693
9780
13265
14817
2323
10792
5632
15642
14753
13529
3156
668
15727
17282
14645
19072
5894
10059
6583
13433
8673
11785
9895
3589
14658
12823
10447
12114
17257
7365
11967
10927
9815
10709
5216
10428
14533
1056
3993
14727
6311
2394
459
3887
15115
14494
4328
17881
12480
12692
12745
6733
17516
2157
17839
7221
9975
3537
5915
4441
4894
4049
13142
2746
15439
13771
102
18787
1661
11732
2684
9264
14560
16401
10259
16225
1694
5046
1065
15757
5297
17230
4110
13018
15141
12883
3479
15454
720
15039
34
13817
12988
2358
10305
14953
12245
8037
2608
6091
937
396
15108
12705
12551
18264
5182
2134
6244
4903
4347
16440
16815
18712
9501
3119
13530
5115
1210
8570
17136
12879
1085
11848
18509
15032
6180
9039
17565
11884
10227
3704
4935
10163
3852
3379
2635
7802
1458
15689
1318
1769
3668
10140
5817
2583
15077
3609
3334
7801
3562
15415
1475
130
16747
16933
11322
8840
11495
2751
5598
18287
18113
19201
1825
5377
9566
339
6886
10821
12368
11301
13091
18243
7882
7286
8406
17005
2216
18603
2995
18946
4046
7713
9451
9682
8846
12440
12378
8351
15739
9729
655
10098
15209
2589
5376
12064
7580
3350
4807
3223
14447
4304
14147
18083
3615
13777
449
17222
4119
11251
10004
14132
8561
19326
10383
8910
535
6641
18992
11036
8756
2425
1836
9431
19697
7341
7231
14907
12776
7852
2680
11063
6547
1890
1038
19487
11784
17060
16041
10437
1870
4745
5701
3978
8816
6760
14204
11666
1688
6627
6332
9877
196
518
10780
13764
13151
841
9844
15383
10407
19796
9161
7369
4949
15900
11716
6682
6879
5999
454
17694
18087
2862
17814
13608
182
4303
10262
16957
2522
16036
13903
10399
19299
99
12616
15516
17741
8642
14691
8382
7559
16420
14510
14802
13445
1707
254
11640
1302
11213
14050
14706
6706
13069
4821
5893
8645
12353
933
3930
14530
14093
5458
2518
5354
1373
6891
18731
15272
9704
2009
19533
14241
9805
4504
7306
2912
4410
2874
7558
3931
1037
17948
2704
11764
12863
4337
5992
14782
6383
17151
18127
2848
14581
11977
19059
12594
15995
14971
10274
10452
4918
9786
12334
13348
10180
11379
4848
2457
7402
6307
8138
16525
2697
8076
18720
10571
2351
4630
18504
14887
7738
8178
13043
19389
11432
15870
19153
4731
10186
9938
664
9891
16187
16113
15755
19106
6148
7046
19587
15633
11661
7405
16341
19361
13539
1333
17982
14066
2752
9853
8309
1984
4574
2435
9334
812
7792
8657
9592
11941
17562
7267
15091
14393
3669
11015
17118
1280
14024
5194
2981
14266
13906
3794
7026
15953
2813
9363
13375
536
15978
1139
12712
10980
259
19442
5290
7094
9760
724
11809
13830
2003
15047
17678
5028
9997
640
617
474
1310
16159
14898
18882
8994
15875
17305
3251
16437
14892
3394
3547
16911
12882
17472
6421
6366
11898
8731
4999
993
4836
4201
17352
3168
9511
10747
1866
14997
7554
9948
7290
8124
18723
19839
11972
1121
2656
3478
5948
7307
17954
14181
12270
13463
5532
18688
6088
14193
10459
19837
3526
16553
1698
1835
15490
16551
4411
7515
9440
12326
1042
14982
3100
5537
982
16998
17861
4068
15793
4258
17698
10598
11304
10829
1433
11480
11799
6956
6473
14930
19020
377
357
6440
12439
15355
7569
13108
13672
14557
15942
12387
1441
6700
14641
5107
6143
16217
7907
16603
2234
4921
13250
1713
16114
18974
5274
9889
15245
3048
2252
1968
1805
11945
10947
5887
6925
6790
2467
8482
18134
10504
8619
12827
4450
10168
15671
8962
17441
14160
2718
13632
5654
2958
1256
2420
17425
6978
2640
222
13855
5748
3572
15257
2652
8237
13693
5883
8508
8616
19775
1336
113
13871
6384
5186
13295
11292
12918
12577
6259
8882
380
9666
13436
16143
11160
12157
135
19732
10796
11901
14554
11444
8704
17932
4388
2087
9659
11843
12787
3997
15022
16539
11423
3288
18323
425
15213
16942
7061
10330
5333
16046
5784
12404
14968
19344
13559
3214
18315
1833
3658
13867
4461
18359
14974
9392
16635
14807
14320
18896
6306
653
16348
7582
3234
4730
2726
1113
13419
373
2099
6916
2993
5282
1275
11319
18074
4770
11368
2132
17590
15136
7945
17570
17286
6145
11222
10604
13336
15695
862
7763
18095
16652
1720
5106
10933
17544
18402
7315
638
4132
566
13727
6459
11802
1305
18426
12347
5026
4896
5219
15760
19111
19015
5023
1795
7780
14509
1964
2629
13613
19747
4387
19392
16057
7878
13208
11078
14746
7300
4564
2543
3884
13167
2275
13820
14925
420
284
998
6804
3181
7020
18597
15601
3834
18153
3245
17358
18184
12116
10611
9000
10495
8900
12530
8139
16005
12785
7747
682
11643
12872
150
5527
15719
3411
18670
14635
17435
14959
5380
18826
14070
6969
11155
2661
17419
4509
13671
3788
16414
1276
12527
15030
15148
12509
116
14866
12621
16404
12217
1112
9857
13495
15595
15619
15244
3651
11615
1255
3684
10564
13690
18844
13502
2481
6415
14764
11478
18201
829
13631
1602
12398
3058
17693
10663
8437
16124
4505
18114
8589
15629
17738
13770
16829
1921
11299
19218
15341
12529
15681
10753
3851
3938
17642
18641
13961
8046
14518
17363
5268
3607
12809
1320
12567
9442
15345
168
17377
6482
5426
14244
18204
398
5833
7650
149
3069
16318
94
18609
16134
4590
13188
12402
12633
1496
8687
19491
6661
19518
7615
6926
17654
18466
3746
18235
4605
9049
12797
7732
1929
12286
10777
4691
1967
19593
4520
1634
7466
6407
10579
16818
9201
15664
16061
12788
1479
7666
7109
1498
6348
16637
9613
12914
14747
8170
15765
4874
12978
2688
1714
14344
18299
18519
16695
8915
3855
17595
4113
17889
14662
2715
11203
316
10376
12214
14018
15667
4634
10104
2818
6778
950
19477
4448
15002
30
6692
1639
10684
7728
9066
19399
13228
12066
18866
14666
1965
17256
1584
2025
13213
9331
17250
7223
13553
14378
11752
2928
7793
5804
13347
7168
13451
9676
19601
1593
7040
16178
700
15791
15216
10479
7453
5998
3995
8999
1314
8602
764
8404
4342
6369
12055
16219
9683
16569
38
16711
1455
5277
16649
7883
2894
7536
13573
6669
8637
1053
17263
6659
9347
13768
6243
17781
17618
2807
13962
7319
19283
304
9605
12715
8066
19458
7228
6757
8361
252
511
6141
6817
9209
5683
18396
14016
16358
6930
750
17585
12020
742
176
11040
10360
16331
12680
16368
15409
5456
7932
14127
381
19382
14865
5864
7261
7524
14605
5734
19182
13916
6329
15593
12739
11882
19688
984
439
16691
3781
4884
7591
10353
9755
10577
4672
13609
9512
9645
1226
9750
11711
14471
17825
903
8732
9616
19306
19719
6887
366
9978
3079
15951
3016
19261
19742
13966
1653
11633
3422
13126
6114
18388
13310
1206
16259
8786
14280
1486
12148
12939
85
11031
167
5207
9252
7628
8506
11051
9492
1418
5834
2254
4063
11872
19497
14822
8271
6512
4244
16962
2438
4974
2069
6402
12919
17124
10497
1078
15734
2175
4125
624
17875
17857
4105
3550
18099
13089
147
5222
7796
15542
1354
5144
11532
16575
12813
12514
9403
16095
7744
6105
17851
11098
8753
18132
19817
16927
2447
1887
12584
11701
905
15065
17745
12667
5852
9707
4783
13707
13980
3102
12292
517
14975
6002
9731
7969
9545
9050
7584
13643
14094
10108
17265
13486
13056
14462
5466
13354
16828
12121
3107
2006
6340
9567
2733
6056
10337
1693
18294
12981
4385
18750
8538
3289
17244
2499
6741
19187
6087
17034
11466
9932
16128
15580
19507
17063
2574
6826
15669
4220
8958
19254
7463
12643
12916
17058
14553
13881
4089
5885
5379
13948
11071
7089
3601
7748
18198
16164
8103
11315
2923
13278
1064
5960
14798
8393
1771
332
3989
12535
18732
3865
8063
9647
6561
14904
19670
16540
19468
15068
2299
4467
8072
14544
4246
5116
18975
13231
17624
1683
19706
19610
17656
18541
7425
578
12704
334
5553
19523
9598
4585
6223
14459
14714
8965
676
14185
19202
782
12524
6097
14338
1796
13367
9468
9531
19121
19091
8668
15340
18724
3166
4061
17697
9849
2836
11471
17965
1955
5020
10208
14699
17291
12694
13469
9660
533
13458
469
18797
9445
5723
3761
5304
7139
13582
13306
6074
1266
5671
15650
17324
5554
13464
3780
12393
8403
11355
5195
16830
13515
17518
19040
1566
11109
7508
8197
4514
9233
9520
6270
19001
1544
11249
17783
16166
9006
14992
14458
9394
8013
19805
7530
8748
2471
19158
9150
19819
13786
19717
5035
10402
19575
11605
7007
4126
13556
8588
3599
5337
17245
11335
4294
6983
16145
13476
4093
18763
15915
17992
14574
3402
10866
13060
18696
17607
7667
7917
12553
6688
19573
17478
18094
8771
5343
3986
17600
13981
8342
3824
13810
19572
6409
18966
18843
157
14150
188
3577
2493
6309
14778
6584
16873
10901
19337
19675
8136
19119
11524
18465
7144
3013
16699
10946
14809
7638
18971
17877
10421
11331
13287
3639
428
13520
14999
18163
19249
14558
9834
9525
2359
673
5760
10827
19667
6202
4984
2820
7725
14263
2791
7066
8349
19799
19505
1326
6211
13313
7723
915
14012
10299
1650
13842
5357
19705
8158
13219
435
18871
5140
13901
10269
18040
2562
18611
19664
3198
14811
13833
15057
6178
8200
5478
6281
17963
15321
17687
18803
16630
13160
12335
16708
13155
16726
14804
10843
280
11647
10653
7590
12471
11654
1643
1889
12498
11959
12407
3594
2996
4501
10830
12443
3193
19189
10522
7199
18149
9970
6788
575
10413
1352
3902
16836
14352
4154
16065
17234
505
2857
16597
1432
4554
9375
19464
18748
19209
13101
3371
4367
11868
9395
13271
610
19789
8284
10733
18551
10662
18793
14064
15858
17381
10431
3448
13823
4800
12389
14578
10138
14399
19735
15046
11608
13037
3944
11176
4308
2919
3501
5771
4660
17235
16982
10375
9983
18146
448
11570
19138
14777
19451
17991
19000
5564
13088
5662
8781
1127
16985
4407
1799
6268
13967
7289
8866
10501
5015
17523
11566
3441
8941
14913
16963
16320
4288
7182
9109
17899
11571
19429
3260
14772
14664
10919
7337
8554
15450
5070
10091
2947
2840
13005
10216
8287
177
7803
12198
15308
19552
11946
4081
1511
15902
3942
6271
8358
13688
18211
12890
473
10277
8054
14667
12985
8583
10285
11121
8499
14398
10840
1327
17239
3418
9029
6586
11311
1681
1452
775
2109
14111
19247
9366
1365
14535
8762
14058
7539
15571
6335
299
1107
850
18523
11830
17501
12973
2246
18884
13047
3031
1608
13282
5548
8
17704
13578
4040
10856
14000
11351
7918
12446
8807
5101
16053
8093
3097
16233
17313
4787
11629
16660
11796
6690
19723
11979
3657
3706
1190
13150
6954
14944
17176
9463
18154
5653
17669
13209
13590
6138
12400
5547
6357
6241
9985
5975
7901
15844
16642
16819
13684
13307
15402
8969
2478
9684
15191
19188
8187
14161
1808
10352
19296
263
8898
19125
15243
13922
1571
12285
17105
14099
8922
10818
19690
14321
1370
3090
5038
19048
14568
13709
9128
18796
16464
5431
6279
13649
7687
16357
18069
18229
7177
18480
8035
13011
11295
14980
7217
16935
1976
10062
1442
8824
7276
2309
8048
1766
19428
16561
10455
1488
4907
18921
9056
11902
16384
10678
19629
13514
10519
5605
4638
16076
10359
6831
12000
1655
15511
2861
17188
2183
14575
7660
18618
17572
9332
16382
15962
4812
2126
9651
17536
1011
8246
2088
13912
981
9529
6248
4834
8500
5267
16591
12954
1246
6832
2074
10609
6829
10072
8686
3290
914
15031
10899
6186
18691
11573
6290
5550
8285
14986
16771
7113
15179
16903
9992
3387
16682
8785
17183
6385
3813
796
17990
2619
5848
16070
1748
11123
17853
5309
1122
3101
84
10689
17173
13377
10755
3099
8948
9816
11398
14080
14626
18060
18298
10051
5474
7222
8523
13218
12552
5118
2231
13365
3053
16932
10247
18979
1592
4850
14306
12630
14640
11297
3221
12781
15722
3546
15706
2404
15334
5525
3369
7760
13431
7553
16989
11325
16909
8478
13554
14073
434
2528
6024
4856
9618
19448
14219
2834
2203
3445
18594
509
4280
13217
17760
10365
15645
6769
9671
8773
16707
11073
6209
19084
8241
18624
10603
16144
932
13706
11250
10011
8639
3685
3484
11980
5711
15367
18228
16602
3337
1368
17185
9362
1547
14687
2584
19470
7486
9464
16938
1818
7753
8968
353
8925
18807
1082
10943
12406
1935
15280
4899
7985
8629
3991
3447
15866
9140
17344
18923
17259
16493
10496
10882
2564
2918
4595
5157
6544
17659
5321
14490
9167
15678
18064
14799
5142
4993
5155
9820
9390
2291
16146
3603
5094
18605
8270
17095
15448
7922
1659
10415
13701
13914
842
2977
4026
17750
15643
2091
19639
3063
19136
14255
9328
6510
10540
19816
2633
7924
11915
15304
10557
13889
4100
1236
2900
9396
18489
14
4778
2792
2927
15155
7087
14682
13751
9070
12131
18284
12822
2606
2858
12573
16664
5
16099
5012
17639
6935
13326
5667
12139
9224
11662
14504
18995
17782
3362
6098
1938
7654
14774
18419
4870
3877
8885
11850
15387
2884
3714
14310
3480
14981
5069
17120
3027
14976
13169
11414
9572
9977
15705
9338
5465
5754
4705
6534
6285
568
19744
9058
11698
16367
17587
15882
8008
11237
4715
17543
14522
2333
2455
19319
9199
18912
2525
1684
9426
10436
5496
5535
13508
4454
17870
17702
17469
17495
14659
10239
14412
2613
15456
10801
16476
5364
10934
1991
19076
3946
1575
1583
1520
15297
1617
491
3929
13846
8088
4446
1330
5416
8460
19446
8935
16109
5058
3582
12986
13034
18848
2318
16403
405
219
4123
13857
6672
16973
12084
2037
1022
6660
8826
16007
266
10261
8453
10621
3827
19624
5980
18135
12029
2742
4665
15109
1263
15405
3584
7014
18313
6075
8094
4762
10727
1668
9913
16526
16590
17471
7152
6872
14832
8473
11416
3833
19841
18015
4708
14055
19443
5440
8626
5770
11919
9084
11293
7247
17549
758
6392
7414
14972
17139
3592
14470
17137
11876
9862
10888
7936
18056
5617
6503
895
18901
8877
14906
1225
16559
12549
3333
4754
3619
8863
11342
17998
6613
13715
19814
4860
18007
19504
6557
2222
4679
8359
3796
2227
15178
945
1274
4464
13875
19003
7983
7033
17089
14851
8739
19622
15466
15994
14452
17171
8986
12056
2788
4901
1180
9115
11702
7899
8466
5422
3493
6198
1459
6252
9192
5358
9138
6492
12166
12659
13316
1586
1395
10645
11287
3889
18934
19055
13593
5620
7534
4851
6433
12865
15354
17641
9411
4849
3299
11140
7201
14614
13993
13641
3032
3903
2094
4469
2182
17921
4459
14091
13133
9119
1829
9222
8865
4785
11735
7698
2245
1484
16328
18644
8836
3647
4929
5504
11726
12403
18913
3831
11655
8294
6506
12560
13600
9075
4915
12371
12578
16550
18518
18947
468
27
9237
8818
4147
11216
805
16877
14525
15589
16968
7305
6195
1143
10001
2737
15884
12784
19807
9595
6541
12814
14606
13246
15268
6934
16386
3742
83
12749
925
15101
12051
10113
15859
8729
9483
16571
2536
17187
15985
12086
10631
15819
16291
6735
2798
18413
18528
16706
6266
17859
6466
5595
16034
2324
11942
11598
4863
12365
8097
6950
5441
13909
6052
5341
3730
8725
10493
18675
9300
15575
16210
12655
8214
9958
12609
10184
10863
4502
3980
11520
8931
2163
13345
2896
18242
16629
7712
16751
18955
14950
12544
875
14842
18892
12837
8873
6315
6836
4369
3021
8813
14593
6918
18177
10231
1047
11761
8040
8255
14958
14710
4353
19543
794
3745
7479
10389
2802
11760
8350
13974
19815
17195
2194
8157
8231
3042
10316
1043
9295
1676
16837
17369
8239
4278
3835
1880
8267
6517
5025
17538
1775
16317
16865
17177
7568
11195
12689
5942
2692
9504
15604
15013
14228
11209
16588
15474
199
4397
6827
554
7132
345
15026
10149
16801
4176
2236
16301
5843
580
2154
14844
5339
14002
1791
3692
12821
831
9303
8819
12519
12009
9239
2453
9262
12850
6717
360
5007
6962
17617
289
19600
2375
11011
2055
18270
16733
5082
9840
10982
5725
7153
8373
19105
11167
10790
15991
5386
15683
5575
4560
14380
6896
13724
18027
10133
11341
6932
13905
6153
5278
11276
12845
8632
5133
7070
3108
15802
863
3254
10101
9585
9329
1508
2872
12831
12521
8256
6011
6350
4124
3438
18595
10845
15098
4216
19516
18151
5375
16297
5613
2734
10730
674
1711
10826
17651
6494
4789
19006
13073
2899
4035
15025
4990
17141
6729
4257
7324
5473
14781
12754
1254
14144
16739
11401
9298
2122
2673
19711
17121
6118
3953
1516
16228
3611
791
10489
1865
6064
337
13796
13536
2344
4004
15718
12736
19786
16710
5706
8797
16894
15682
7502
10432
15960
15508
7125
17867
19321
33
1076
311
18674
16863
9047
19370
5399
11187
12926
10614
15153
11892
239
5158
18283
472
7955
16960
5886
9438
5270
1745
13491
9995
4256
5280
12454
14358
8944
1024
4718
10509
15618
2906
19569
16528
17662
1703
7861
3743
14642
12794
18698
8188
8822
4203
12367
16587
15142
18842
16516
12280
8665
18340
8715
12663
11263
6515
17978
16158
2357
4664
16803
11223
12591
4127
17372
9818
8537
5707
10676
11047
2124
9004
5659
11832
3976
732
8059
5196
13130
3763
79
4561
2331
4506
18090
333
10381
5180
13201
7800
19248
18751
18057
2188
16030
12033
12523
6177
17797
14863
9100
4289
13033
16778
11217
11960
5400
214
14332
15591
12227
13019
15874
19305
3154
18309
8628
5049
106
13400
14694
8087
5639
7241
8129
14283
6863
11746
5096
18351
15982
1528
19168
6734
965
8614
1662
455
11450
8355
15583
17886
12447
14845
14078
17283
13181
6422
16842
10711
11581
17710
7583
11194
6529
19800
6388
14748
14040
3646
10559
13083
12284
173
10723
335
5151
8395
8300
10391
1526
399
7765
16249
749
611
13863
19677
8868
12824
6480
7840
5175
14496
18175
3087
10162
10538
9270
3187
14195
2030
19797
245
13154
12585
19420
15550
13405
10774
15370
13813
18791
14857
3736
15970
15327
13637
12898
17581
6714
1562
14548
19531
15496
5623
17691
8703
6491
2755
3212
2694
17709
10772
17459
12799
8550
4721
18414
15319
19404
10444
5965
12513
17925
62
15561
13459
4096
2213
11365
18451
3336
8441
19133
2348
10781
10567
18897
15079
5146
8678
15735
14177
13856
12586
7685
14545
15073
16684
10575
11032
8559
2683
8821
8902
12928
7499
4422
10963
16218
17284
7702
7721
16337
1521
7836
7439
5030
18105
16507
10532
2527
7745
3591
14515
15425
3905
12796
11044
1675
11635
9981
13734
18002
2056
15500
18873
2304
9163
4553
13872
10440
12231
18065
19301
12780
5346
13049
18352
5361
5284
14625
1896
15536
19456
12572
10992
9734
19826
3774
8930
3316
8582
11492
5291
9851
17811
15969
13754
8527
4221
14632
12181
4424
8331
17747
13739
1615
10803
8344
3973
7789
5567
6834
1598
18620
10425
1803
18668
10056
14619
9792
16574
15335
8709
17479
1732
10206
772
15529
17636
18076
2332
14936
13732
6443
394
11747
9742
16245
2595
16794
4948
5125
19733
9728
17106
16856
12908
12344
7353
8727
5717
11512
2029
15237
19700
2057
11839
17816
13542
4237
7625
17311
4723
19568
11947
8667
14068
871
2816
14386
17228
14272
18986
4098
13382
17402
16573
18166
9279
19599
11343
16544
2288
1943
5721
16481
11499
14071
10115
3025
4057
14516
10219
891
275
14931
3576
10580
15526
5516
5910
3678
5681
13244
10556
17776
10470
1399
20
15380
14363
18927
18579
14258
10528
1851
4139
2473
17907
4592
7884
18337
1922
19725
10448
10033
7811
11346
15957
2342
19661
18967
6705
6260
9423
12899
19123
15326
7551
10461
6876
12102
11697
6759
4130
9934
18282
3220
1217
8213
14783
15045
6345
19486
9478
2391
14637
1954
6321
15804
9785
5545
1740
6053
19287
10599
8332
457
17386
18349
5962
12223
15539
1345
63
10834
11553
9563
16468
14449
3029
12950
18102
9414
8760
18244
7488
13175
13955
7911
1454
10194
18068
3451
13879
12920
9564
1817
19452
7516
61
18933
9870
5312
3098
7277
11696
17204
8496
16333
17168
14508
8908
633
6707
1923
7303
7683
3132
19364
11717
13205
18733
16112
11607
13093
3147
4714
11020
5001
7934
18459
16851
3437
14194
17976
4965
16703
13494
17008
17938
4169
19031
407
9687
8161
15668
8165
1623
1595
15412
14900
6356
170
4904
2882
3205
7772
8247
18019
9720
11616
19686
5405
13376
12934
15117
1385
14744
7988
683
17777
17232
19810
15744
15185
13305
13092
9664
679
18692
1497
7781
800
14668
747
16737
4029
5981
12648
10366
2206
3056
16564
590
15314
7594
3689
15817
1491
14067
11773
14233
516
17542
1405
5265
9543
962
15665
11321
8137
8204
19625
19465
8769
12266
3286
11231
11742
5841
14543
5803
6955
6518
1503
1187
4316
11887
13141
9791
15654
11852
4685
6977
4682
10596
7889
2991
17911
4764
19369
17958
3325
8608
9149
19444
8030
824
14264
19633
17169
11313
8365
1612
4955
18809
15948
6133
6234
12204
15835
7912
1451
15506
1513
2675
18649
18269
6608
14092
11840
12841
19122
12222
13677
1744
16169
4862
1822
811
868
8191
8407
13725
19339
14372
8743
3280
17950
12944
16428
16806
17846
13497
8248
19471
5414
9767
14717
19233
8062
7107
3524
7134
13457
10881
6149
5420
6724
15783
5079
17936
2558
4963
16374
1844
7029
17132
12299
15249
8310
19362
10855
4533
18789
13634
4044
18703
15677
7752
5294
4473
3372
9320
6408
9935
3634
15554
13359
1743
5349
9299
2016
3517
8798
18433
14532
13471
19643
10879
14678
4604
3396
6147
14467
29
520
6128
17703
14469
12684
131
19746
4643
5524
3817
15489
14202
17558
16611
4826
11674
6174
5528
16966
8114
1979
8360
12308
19244
14355
11488
12724
16764
15914
16463
14214
3597
15657
14674
2201
7608
1579
4398
7387
12834
2326
16453
16547
15361
19502
12570
14564
13000
17916
16408
5924
11866
11274
12250
6864
5066
6840
8292
15983
2769
388
1953
17977
12005
12191
15540
8079
315
2004
10588
413
13765
13552
18348
6625
6086
3383
13978
12656
605
15
9778
6412
11105
16430
10644
5766
3049
3952
8913
309
5464
1483
1253
8688
10030
5987
6036
1149
7809
2517
13249
9293
14741
2128
702
1947
4866
3674
3842
6569
8764
12026
17219
1111
10329
1904
10175
637
248
2406
8815
13571
6746
696
18753
1886
17481
10124
2228
17200
11183
9988
5612
9653
16055
70
8599
17761
5768
1178
16827
12200
17655
1891
4844
2010
9071
14505
13343
6425
19406
13035
18147
6247
16229
2089
18745
18752
4191
9610
15925
19806
2957
17423
11813
433
3538
1083
6907
19386
14796
2853
4120
8730
7078
9020
7648
944
9147
12658
12319
8621
15555
10129
13036
19441
1588
18858
9345
3328
3638
11828
10083
17637
367
15732
8489
18767
7794
1152
15262
7886
10735
8854
13617
4313
6274
18275
17576
17964
17342
2012
2615
6787
2474
6765
2945
18022
13290
12272
13904
15888
5860
184
19770
18676
12628
18517
11907
14681
3694
9936
17074
5541
10356
12120
17890
15987
13789
15035
592
7497
16256
6018
3665
1028
10250
3925
3162
5777
819
538
17752
5562
18436
1360
5950
13080
14814
18613
8607
4905
11723
6656
6538
5727
15278
13094
9560
14485
19668
2310
528
3467
2369
8842
3455
8377
15164
19823
9655
2631
10551
13055
18936
9771
11317
4579
11568
303
4162
1765
10838
9530
4536
12134
10734
11990
17440
17580
465
15497
1197
18999
15673
4209
9415
8746
6187
5123
7708
14621
8304
9954
7215
10746
12269
6693
2531
17041
7646
4003
19713
2320
9625
2019
16741
13078
14792
19272
15839
13627
4111
15692
4486
9437
16185
1945
5169
13020
17465
11090
14656
2570
8409
13973
17297
11506
19097
6921
14236
5050
19107
9577
19351
8503
12396
4455
18006
3283
14648
1138
11886
10632
8366
12639
9025
11883
18815
8525
2596
18847
14692
158
13523
2452
1237
8660
19414
8700
2060
881
5871
3307
17037
13315
4959
7050
14655
133
10404
6762
15337
14902
4802
7468
6299
15276
12235
6505
408
9899
8149
18482
15776
2058
15885
12774
9093
5098
16537
7075
18036
2764
14885
6339
6498
14703
5821
14615
4716
5045
2215
8823
6994
17292
12076
3045
15479
1482
9912
5042
12375
2943
18464
14732
6632
7477
5444
10732
14190
19109
18780
9855
11048
369
3693
2548
13485
642
17653
10765
3469
14855
8109
13100
19178
18286
4064
4781
1858
13626
6579
18485
13075
4343
18526
12849
7695
3355
521
4030
19271
17314
19293
9773
7256
10671
9453
18548
5700
12933
9393
15582
5437
4744
1057
18845
10867
10791
15556
872
17457
14364
15847
14116
4015
10463
4231
12123
306
9189
17566
3492
9358
5139
10876
16700
10761
5181
15831
11316
1924
8426
8723
15406
16928
9960
6208
1351
14740
12507
5161
8439
866
12520
3344
7947
4301
12366
3533
2449
7877
1185
4900
16834
5936
2264
260
13241
8871
13387
14808
1091
9240
6931
4649
2209
11895
16078
14134
7142
833
11345
12610
15602
18324
10302
10926
898
10244
5271
532
2417
14074
4676
2921
17821
2249
18054
8086
3473
12593
8020
8254
8631
1718
10446
5802
4192
2459
5293
6793
12929
429
2966
7662
19352
2115
16897
9352
16987
18754
14477
8956
15264
10687
3338
9919
7333
3008
18005
13935
17537
11762
8145
5853
17470
14396
13761
3691
5767
8522
17166
4395
6205
2903
1839
11076
13574
17847
15279
10384
6758
13824
17427
6577
16678
17494
620
1656
2628
16824
17547
6508
18008
7668
19606
1999
7719
1686
3881
5286
6242
7518
7854
10977
4215
12491
6595
13396
13522
8141
3322
7224
1723
5747
6104
16151
18681
2407
7703
3465
12645
8474
13741
2171
17510
3604
8591
18195
443
3076
11117
14970
376
3460
9430
825
7470
704
9698
15348
4012
2655
5477
4950
15568
19512
10873
10280
5838
18479
17708
7599
7711
14521
3442
5973
9796
6820
9883
11373
208
2337
10089
4872
3066
16762
11369
5621
4801
3909
13189
7527
11567
14020
11272
703
8993
5172
1934
18602
13831
4694
17788
5526
10341
11436
2804
9124
2702
15754
10087
461
14733
753
7898
11729
18874
16315
7762
4129
1049
10482
17503
10354
12699
15267
10904
19366
14238
5825
14770
17323
16970
17593
19684
17211
4617
9129
908
8698
18394
2293
16902
1841
6892
7273
5651
3388
12430
6674
15054
9072
4121
11827
1201
18143
8776
111
18086
7229
1701
5879
8049
14298
10752
10236
9617
978
12614
14095
9622
14480
7730
7570
6194
18822
6550
11386
18627
9571
4960
16783
6842
8649
19270
8369
4364
1408
7136
12793
18631
17557
13655
9987
14225
11632
3386
7112
7699
16214
9800
13212
18939
13342
4641
11806
13054
2416
9705
13022
1614
18617
11838
12099
12974
11847
7335
8485
18706
11497
1972
18511
2366
10908
16548
8091
10388
16286
11028
4786
3996
7074
16759
7540
4913
3679
18557
14909
10027
18547
8825
18342
15923
4106
14940
8058
216
17134
4970
16840
5531
5511
1670
9387
6101
6395
4707
8896
5608
16283
15824
19580
13198
18988
4878
3804
14345
6486
18046
6293
16264
7663
19434
7304
5076
15018
14639
4696
7576
2297
1642
9457
7546
10049
10462
763
13692
16625
9152
10960
8272
644
17756
8603
8454
12042
15143
2340
13402
7430
2913
3351
2390
7004
10275
12268
5088
19585
6649
19216
19093
15306
13268
1621
1202
13735
9159
7207
17328
8887
2477
482
15613
11794
18475
4558
16027
6689
7904
5735
10778
9364
6919
15634
12766
8674
14009
11562
12036
10146
6021
3297
1126
14813
7308
19478
6634
14149
12911
11402
17779
1669
16479
14791
11621
11415
10456
17201
1295
13954
16197
3898
18960
6744
7919
16790
9690
6156
3312
13061
479
1596
14612
14670
8774
4199
3711
9260
13124
13854
2487
5479
1846
1281
7729
18230
17666
19100
16392
647
16092
3613
18990
8574
8477
19397
1457
5715
1786
19317
15353
12094
12759
17723
13885
13540
17359
2893
12804
10760
6664
883
19728
543
567
606
16520
19409
16040
12543
16442
4919
17125
3470
18709
18659
15122
741
16419
1977
12429
12050
12072
6077
2144
16714
11055
4457
15344
2160
4429
7820
16089
14729
18840
7401
2286
5434
714
17535
17255
3914
17092
5508
17042
10646
12101
3404
510
8463
11482
13010
13248
14841
15388
14164
839
7998
6740
15113
18365
17080
5627
12346
5165
4839
4889
17099
762
13153
16062
4840
6061
10779
9249
13924
7076
1142
3463
6189
17944
13416
15777
9923
3728
17664
12642
5461
15697
5156
1801
4756
19582
13569
12359
18350
10369
530
1540
17241
15095
1919
2753
19095
14954
6621
3427
7585
17923
19522
7336
12111
10317
1949
18916
12848
5964
10798
17529
11282
2412
8692
11179
14433
11403
4122
19490
17913
19459
7039
1332
19579
18219
6341
2876
6188
5407
19431
12696
10007
19193
1077
7894
10370
18943
1903
18208
15977
6679
8156
9678
14227
11092
1183
3060
3859
11983
8980
288
582
4687
3270
7035
11631
3879
19039
2180
17661
7623
17102
11391
15145
11408
10820
9412
12058
19085
6201
11503
11709
7635
11024
8985
10924
19380
185
17798
19012
4062
14415
1415
18922
13435
9132
15350
8757
13339
15203
11578
13077
18476
9234
6630
7380
9966
9806
2952
12531
11146
6805
11043
2205
16980
11491
19632
2456
6096
16518
17065
7475
2552
6975
1665
3837
17725
2582
802
10961
11897
18619
7963
1811
17849
3527
4295
602
9962
19172
13406
5040
10527
3275
1760
18869
9619
14206
10708
13152
16115
14053
12416
43
15302
4969
17820
11446
14657
16278
874
6877
10069
1626
8658
8939
2280
9868
979
15567
3819
19365
17062
15076
1179
1018
2955
10054
19564
13322
2400
6945
4646
13788
14677
10670
5425
949
15521
11132
5674
10063
8390
5604
15330
321
12700
16601
8217
11650
16477
7254
12545
4359
17404
948
17016
16323
10574
5228
10315
8722
4227
19551
10166
15421
9418
13874
6393
5120
10423
10898
5239
8289
15197
17720
7391
11091
110
9048
11719
4077
12690
10424
6560
8544
11890
5063
11880
95
10925
8484
2611
15966
15958
15936
11800
5703
16570
16117
14088
10804
6742
9402
4791
16675
8085
319
10193
8398
5913
5614
17748
5493
13681
330
3116
9254
3331
613
15632
12536
9398
13670
6158
15993
15371
9097
9134
14985
8654
13576
7496
15771
3464
12252
6900
7874
6125
1278
19181
15609
19440
11782
6057
14239
12213
7018
5688
8803
51
92
8218
16000
4329
17383
17112
18911
7444
12729
13017
17028
5340
9467
17634
7822
7971
3869
16735
18500
2593
17243
13388
4526
17288
6050
8166
10665
6676
10192
14284
7636
16862
573
16765
6993
5396
9869
8600
5679
68
16659
14130
4746
8835
17460
5691
16473
17695
9929
11226
4341
3017
10294
9042
12044
4075
17488
14771
13733
15940
14336
3495
14872
13797
12233
8977
1485
7652
12606
16224
10414
675
5134
23
18737
10328
17006
18386
2036
3065
16494
6109
13847
7098
6375
16104
7980
18544
6927
1041
8590
19391
114
6991
4250
7550
8422
9376
16605
3853
5813
12579
18766
1758
12783
7644
3680
9854
17862
3598
16085
7410
9624
8778
6278
10809
6319
14299
16906
18128
1780
18861
13775
3822
14500
18872
5837
12052
17509
5044
14964
3838
6351
9500
14170
16823
11846
13211
14622
7790
10628
15003
12589
8878
17130
2984
3279
2815
2649
4923
12106
2347
11776
12445
12437
6635
6708
1414
13886
6157
3033
13487
3628
16213
13470
5556
1348
8495
7063
18018
5896
8562
1618
8471
7045
2924
3206
17498
4274
11266
14993
18454
10090
1950
4829
13985
9559
1068
3660
10819
2470
2274
1265
15813
7864
15194
3038
19566
14046
14375
5032
18400
347
2260
6277
10957
7091
15502
5880
4952
1477
8372
17212
15867
7248
255
7283
8914
4513
107
3717
6702
416
6516
15250
9861
10768
9022
15807
14329
4606
16584
15880
1900
7565
18951
39
12994
10204
16396
2980
13651
10043
3544
2867
12562
16841
4570
6454
1878
17140
3897
2729
19032
6850
414
7887
6386
9808
16360
15648
6485
19649
6333
11433
5932
18744
8065
12310
19035
1787
36
7767
4187
1555
7252
6398
18152
16060
3708
15843
17356
11513
5775
9185
13275
17690
7073
15460
19535
17083
1746
16583
13202
16215
18531
4038
3705
3955
19329
3428
9872
2507
4681
8402
4747
10419
18085
12559
16594
16490
10368
1809
16785
13821
14956
19126
1715
7614
16327
6436
13597
5828
17032
14086
7351
14169
15053
1250
6929
11375
16284
17261
13586
12753
4861
2303
6908
13535
11384
8581
19205
18218
8250
15769
6680
9826
14979
15247
2822
19761
1973
19550
267
12829
15290
2770
2329
13173
12980
12624
7991
13719
19044
318
1536
1471
16465
1369
740
11535
1188
10705
15207
9892
17898
7383
3487
6044
18497
11358
1233
9717
10013
16306
10718
8839
17835
14197
1291
10052
13599
19102
7862
18320
19619
562
1031
5765
17433
12503
18801
7058
4377
13014
11879
6976
17150
18582
10387
5712
7640
1249
16665
18591
2218
12216
17837
16160
16740
16694
18633
18556
9443
6334
4549
19772
7044
12864
9845
2354
9876
18398
16275
5327
1434
264
8324
17997
14081
10529
17483
12958
6347
8584
3378
13762
9400
8620
1437
15205
7960
11230
4692
7441
6255
19792
8594
18165
15336
65
15851
15895
17854
6185
15597
2865
12409
10786
5113
4408
6025
11903
6890
7512
1421
12143
19173
8000
7102
4349
1660
73
1843
770
16777
1285
12947
11582
1941
18728
13566
8265
3397
17521
5064
19405
4027
17379
16782
5897
19588
3963
3937
11961
9668
1110
4414
10035
18931
17371
3146
1377
17116
7507
144
6192
3514
14652
7272
6071
14159
14830
10221
13338
12382
1830
4181
17182
10363
5957
11699
11131
1055
9515
594
10648
1525
9325
5824
5154
9509
10334
16768
16816
12618
761
7824
14705
13312
15404
81
7042
17163
8724
958
8664
6609
15716
17785
7238
13303
15307
3954
4403
14684
17836
4511
15576
6857
5353
4587
16310
15189
10907
13595
16900
11170
3724
1264
4867
12259
7255
13105
14217
13449
4374
4087
15393
15418
1897
12090
7416
17714
15291
2529
16349
8104
6922
8907
660
18536
8744
1118
1287
16033
13585
7358
2316
1417
11153
7
10864
994
14097
4292
15259
9091
2409
296
1864
15905
14926
16693
16814
17384
1145
5789
18769
14488
16780
10533
10018
10325
16102
15292
11148
9680
12604
19679
12983
11306
8381
17663
477
16188
9253
4190
17986
11820
13215
9989
11184
17076
16201
2723
1793
10137
5430
12349
493
4253
14487
1463
10154
15939
16556
2287
18795
18513
444
8630
672
13728
15132
5740
1494
11192
5261
19054
3751
9926
756
15424
12010
11013
18811
13583
10958
1374
12315
16883
6572
537
8904
17078
6144
646
11547
2186
15974
19827
19349
12107
12650
9541
1884
14492
13444
14709
3030
2102
14285
7145
3891
12247
1995
18623
5403
18836
5292
8051
14880
11037
4925
11557
19581
9999
2978
3573
12083
17438
17422
1115
10125
3466
5145
9740
14441
16858
12751
7388
14556
11008
16223
8232
11107
2538
14726
5383
16412
7624
9027
7025
16874
799
13792
427
15378
9226
10480
13664
16480
7634
3131
232
3037
14347
16452
13509
12801
7423
17726
19183
10268
16576
19384
5369
16045
10202
16622
16332
3157
6884
7342
17336
17832
7902
6739
16720
11012
4412
2314
2018
7412
9758
15898
15426
10031
12499
15118
3424
11724
12603
10545
9693
19594
4080
4962
16511
16103
8209
797
5467
1883
9675
16116
2372
8011
1198
13394
19485
6167
4094
13362
480
7126
16067
15184
8261
6939
10811
1331
16604
3305
4355
3104
14690
17601
9419
1420
5205
14766
15622
17164
1709
9255
430
11682
10342
2328
227
17306
577
4233
684
6818
7750
5220
3785
9626
5794
8953
8751
8988
12311
12163
6973
15300
8494
6037
6431
19538
12534
2758
17007
1654
1292
7855
18632
591
16446
18014
5137
13662
16444
12904
17880
18778
5697
13199
4979
4888
14221
17706
2847
8370
10690
10657
9711
11753
4635
3540
16081
2383
19019
5977
1160
5955
8967
19082
14893
10157
2768
2634
1573
18492
3951
16618
16296
12636
18156
1329
10034
3916
3772
5484
6081
15952
1050
623
8009
12098
19741
9292
18334
3080
1501
4995
16324
16383
10883
17519
12081
7770
2532
12339
11627
1100
13894
19130
13320
13180
16236
4722
6112
4238
7978
6435
12341
14061
7032
17753
19676
1472
11162
11712
13291
14708
849
10836
11817
9790
15535
10132
2210
16730
3202
13710
12613
18839
9432
1284
8606
3593
13229
18984
12169
11527
3271
4717
1004
16969
10319
16167
8457
16231
16192
6212
15332
12546
3542
9787
253
17319
19758
9340
2142
6092
6403
7632
1728
9274
1671
12818
11937
13242
1971
18953
15612
17192
7807
694
5729
17276
17729
17843
16972
19074
19426
15058
14795
11420
3094
13933
7364
2114
14583
2273
19691
3244
16138
6182
5041
4817
15907
3563
11519
11318
6176
12068
6312
10981
12241
656
6684
9839
17711
15690
16417
13816
3231
17531
2484
7205
5967
17059
952
9361
10158
5664
11354
7028
15989
3409
4775
13902
10638
12516
1461
9024
18330
7953
12133
13103
11178
10117
5152
1146
1937
12399
17827
17378
13220
5914
456
10220
5397
13525
3858
96
3130
8015
6780
6618
2627
3773
2239
3663
12807
13720
5138
14695
2389
11018
13084
3082
17315
11062
12256
5591
1663
2901
4099
4268
17984
17310
19213
8127
6883
14613
9781
2397
8899
4184
16899
2576
2373
15488
6633
16206
14938
14371
16445
9473
11286
19642
5640
9001
9287
2515
4262
15465
415
9864
5013
12301
5778
7188
10895
3695
710
16135
4503
10097
9441
16870
14366
1495
11537
16432
6249
9433
11811
4091
15821
2888
4928
13896
1523
13801
16058
7249
5206
1241
1406
3319
9994
916
527
16501
10170
16277
19517
2819
11668
16563
18877
6264
11225
3012
17833
16775
13570
6107
774
11290
1631
9652
13473
9703
8661
2750
11622
12088
18572
13513
13499
18369
9183
598
4562
12215
4001
4659
10029
12599
4684
12442
17097
6217
8663
11564
10660
5080
17629
5790
15959
14620
1446
10286
14392
10872
12681
18559
7309
7034
6000
2837
11920
3757
3218
3520
6594
5947
11751
2588
4695
15980
12596
5241
12635
11953
8643
6806
19368
9044
17995
13644
2464
10019
18773
14847
4483
9180
15553
11734
17904
16788
7234
4608
11526
500
10349
14739
1046
15656
9193
12210
12384
12167
13911
3139
12539
17218
16258
777
9888
14168
4019
9386
9553
13504
11791
9924
14942
10610
6083
9305
2982
15157
17611
13524
5890
13827
16879
9187
9156
6005
565
4118
5899
840
3888
13738
7641
14513
8655
2666
9341
4092
765
1440
18909
18821
3872
14293
18220
11743
4865
14278
2620
13657
12419
16697
6709
3026
14253
4102
1298
18514
6338
2022
15462
7372
9385
2685
17707
15146
7785
1025
14590
9404
8650
13381
12305
17517
18747
9537
9636
3499
2496
11057
11102
2422
10246
10675
2732
80
4217
4242
3811
10429
8148
18110
1359
19013
17024
2162
879
1578
7573
1509
18637
15464
4112
14800
1845
7838
4568
6963
17871
19150
16246
5279
15176
9434
3614
2108
7773
15799
6032
5323
17040
15931
4183
12511
18686
13618
636
8983
3219
12730
6282
13363
10205
1193
45
14326
976
12968
6786
18508
2963
5563
16171
9776
10010
4515
9581
15666
1975
5121
15834
14960
19773
12030
6889
16083
17856
15680
15219
11693
16581
1751
14290
11118
432
16123
7600
1832
9632
11904
37
8768
15017
6203
3988
13309
713
559
15531
14460
2335
10084
8831
11525
9073
11068
8759
19175
19712
13166
8330
7432
13959
8431
19609
3747
1597
14897
4490
9950
9372
13059
6007
17027
4302
3006
12475
8282
15440
625
7523
5830
1741
12053
11150
16344
2829
13784
19757
10548
10902
17893
13334
13534
7939
8027
3413
13723
10507
17545
906
9228
17864
760
3118
986
12752
12401
12959
14921
12032
17486
295
11993
1785
4382
16004
5318
5854
14737
9476
19532
12912
15729
9904
5733
5769
8741
10534
19660
7986
17353
3574
11614
7407
13726
15459
7313
2648
2586
8903
6576
3160
3182
11449
2377
4803
14602
5692
12184
19090
5392
17156
9371
18937
13426
10594
13694
12165
8978
17539
9291
15816
5372
15691
1613
5829
11152
18428
15208
2015
11974
18968
5756
603
5329
9753
16321
7012
243
18704
11400
8298
6802
10590
18718
19051
4830
12124
5344
5202
19539
18316
15956
13607
15312
3960
3873
179
16554
4793
7436
11387
5958
1800
12672
9449
19098
16334
17357
8221
19148
2801
14143
10812
2922
17621
7741
19363
18385
1245
16923
4537
4053
5931
3239
108
16271
16793
17240
11585
16800
5844
13984
4394
5873
18326
13989
12687
16255
4348
14151
10201
13195
10608
16952
15050
5150
15491
15180
15932
11086
10460
973
15487
4299
3653
5872
4838
7598
7377
3036
12492
3088
12073
7195
9267
10656
7464
2825
11378
6330
10
5868
8855
1426
17884
18486
17791
4814
13633
17817
13783
2784
14873
14728
8515
1344
18319
372
909
3399
496
15080
16505
5302
11484
1244
4365
16557
1195
2990
4953
1423
13589
256
8205
18189
8480
6287
11625
14047
13835
16736
19657
11617
18181
1232
18804
10903
15672
9304
10263
13603
7880
17808
5130
5912
8459
3923
6127
12062
16820
14969
7819
6507
19332
13185
1379
7689
3688
14894
4759
17732
11863
3790
8812
5799
652
16623
7872
18055
17953
5328
7219
17628
18265
11591
6152
12557
16975
12304
15856
15092
10945
19163
2916
17410
1506
13895
2130
16852
1648
4890
730
6766
14240
12644
8201
18812
11438
9937
5221
17445
2709
5902
12325
18550
18792
1543
16450
3126
1156
15860
5985
32
7187
18042
17407
9779
9176
14245
6300
1610
939
13939
4023
14440
8749
745
4083
18434
5582
2877
4701
9933
17403
2651
15549
17399
5646
1821
14034
7413
9522
17949
7146
957
2110
17917
5108
11965
7631
19424
18062
19116
7923
10474
8847
17987
11127
14624
2960
4640
2399
7310
7251
5487
18571
17293
18963
19137
9597
16504
2625
14742
9657
3148
18370
14443
2873
11768
8297
14713
12802
19577
76
12395
14495
15102
16817
17799
6651
4947
15220
9967
13977
93
5166
16436
2731
7171
6791
18976
4810
14636
19779
2338
11139
17677
7844
19739
1885
11244
5773
4323
8190
11201
19461
16155
11074
16120
2759
12673
10722
9629
9425
7849
3175
10041
2465
1293
5393
5404
15284
12065
8641
7842
10600
19297
3621
2317
15841
2185
4477
10082
1155
11392
329
11681
9920
10513
17172
3227
6521
2997
16945
13713
4392
13717
15175
2463
16172
2846
14650
14579
7586
9804
16939
2191
9921
12164
6668
2070
8163
19583
7593
6302
15545
5909
19811
19654
14627
12038
17530
7581
4047
10859
13024
14481
5298
2322
4240
10865
16535
6745
2492
7612
6902
9769
5234
9069
3272
10141
5273
19845
2889
16954
788
13940
3347
11680
13951
15647
12288
12634
12196
11544
17828
6196
7694
6028
3377
583
9972
14096
16119
349
14281
11771
8005
3349
18116
801
3531
13301
9173
17933
12283
5173
10612
15541
13795
11136
3091
19755
7709
6853
2756
6458
19731
1616
6942
10911
14182
16126
14923
5087
10025
14991
8077
10868
14346
19273
8974
10067
9481
2401
8736
14297
11257
19243
18954
14483
9998
7232
3878
6912
12408
1702
17552
5641
14963
1124
4521
13785
3541
11750
7764
15084
17181
19142
16090
19616
2211
14864
13308
3133
11793
15725
14274
19825
5938
4320
10032
18638
2107
15584
9377
3034
15224
15720
7062
4663
13112
16688
2367
9721
12138
440
18277
17852
12487
832
17349
3064
7714
17583
1224
14381
2592
3247
6849
8023
12489
13123
10853
2691
12022
13187
10441
19454
16716
16345
16263
14406
9148
12420
15236
9552
3196
15764
13546
486
16049
12620
783
6596
13194
16088
16326
3238
14464
873
15472
2047
104
12711
13253
1915
6499
5684
6728
3632
109
2138
15375
10890
8934
669
17540
11758
19320
3324
19275
4480
15127
1439
12262
12103
6574
4811
10877
16293
9353
6131
12189
19567
11981
12522
18854
7332
16598
1834
9378
15215
16884
15877
15159
17326
15588
12263
14379
18643
3003
8215
17026
5389
14563
1309
16020
3475
789
18567
17492
7740
3284
14819
2514
11465
16498
14084
17205
14420
9258
6227
16177
16261
8791
17454
10936
5006
6214
9777
15126
5257
10978
18527
19058
13898
9986
18344
3301
18404
6843
15605
7990
5406
12257
712
16289
4409
5260
5920
19260
15188
5411
17735
550
12683
3241
19437
16180
14779
13968
8493
17951
3264
9321
5061
8444
2098
7001
7292
3671
4968
12897
17443
10629
4416
17943
12078
8940
19140
11721
12162
22
2934
18457
6597
14867
14673
11860
4833
18063
13478
15238
18503
12302
14155
56
3412
10416
2855
400
2986
10251
6605
18662
11505
16723
13391
15320
13483
6554
8780
16930
7258
13531
5781
16638
10802
16835
7233
12575
11330
519
1755
4508
16607
13604
5263
1069
8340
8419
14103
13551
6611
16541
665
13804
716
15886
14998
1699
1877
17928
18790
7320
9724
17559
6800
4916
7065
7140
18991
12140
8990
6861
8168
18472
11041
8128
6592
8672
16195
91
2577
17829
8384
11200
17236
12023
19528
9819
15911
4260
3896
16721
1349
15558
18214
11522
3777
17110
3740
14546
4050
18661
7705
12777
2762
3581
7105
6372
14463
11019
5062
3602
12870
6948
7756
9638
15696
9212
8897
11685
17227
10435
11833
9761
17619
10766
9574
6017
11451
2956
15547
9670
5409
9611
7520
1103
11498
12955
17564
4690
1558
2488
18171
19026
3523
4542
14175
3400
12862
19546
10951
10952
2272
2374
10844
12290
11648
15333
9843
292
2870
17527
9964
14591
16914
13132
18983
16150
18684
4879
19038
10542
18996
17064
10420
13344
4418
10002
15182
11508
11255
356
686
4584
837
7013
8458
13163
11677
10198
1726
18998
16929
2362
17762
3179
10284
12786
13610
18190
4223
13378
11149
9633
7379
8101
9858
10940
6967
6166
6461
3061
889
966
10481
11720
1963
9850
9319
15467
8353
19430
9508
19709
19682
13285
2835
9735
10005
7213
15808
15786
2268
3770
15389
12970
132
10131
581
18905
9716
14250
6839
393
10218
6558
9301
12826
3928
16292
8401
4036
18693
12792
8183
10469
225
4211
19207
6777
4613
12246
17000
8593
15698
12281
16742
19314
14032
5008
12438
3403
3515
3883
19411
6755
14302
2908
15386
4261
8071
2423
14133
5264
14014
6163
3548
17766
18562
14911
19220
7548
12876
19112
19729
1159
6895
5501
8047
809
17051
2650
11899
19763
8789
3190
3620
9894
19073
3650
11340
12810
15849
4070
8290
1394
5976
3370
19279
11612
16425
15004
15001
1054
13372
12194
16435
15842
8856
15955
7903
1736
1568
462
743
8414
15846
3994
18239
8817
9308
10654
6284
15287
18209
17823
13888
5494
13410
18118
8648
10471
15818
4335
16148
13023
11644
18889
5114
7174
8587
15413
5212
3641
9952
9034
18666
21
3718
2902
16136
11324
5534
12059
11042
779
11770
7420
14405
13321
6528
3431
19323
18918
11270
14301
4259
4725
1469
12190
13616
18481
14213
14738
16279
8424
368
18232
9607
16798
9491
64
4210
11215
18104
15029
1721
14251
5324
4060
7280
10683
1824
15028
12287
2355
17671
15163
3232
15429
1918
13238
1569
1831
8539
1242
19605
9351
17553
17922
4656
13423
8998
15252
11765
13437
1325
8343
18130
13996
8893
4859
7490
17739
16208
12460
1222
1777
18341
15480
14461
12273
11133
13581
12019
8701
17682
6400
16632
748
7271
5246
1259
7173
1888
11219
711
19005
12969
14962
7937
4808
3329
3293
13700
12932
3845
5551
14922
8296
12027
1794
19022
5917
16578
11731
5024
1658
212
16487
12243
4419
19309
5193
9551
8526
2166
3110
792
233
13747
12465
16712
209
9330
13498
15377
4498
11427
9505
2413
6598
15501
12741
11014
834
9063
8074
14763
9455
9810
6035
10606
1220
9957
11489
6552
1387
2001
5609
4581
18440
15112
2523
13592
7259
18656
16886
3078
7460
11921
15323
4782
19277
4381
17117
17480
13297
6404
7642
8067
6452
15446
2165
8809
19674
3803
11517
17937
13753
10618
14693
14403
18788
7637
10122
10196
14718
10619
11239
12900
1386
17567
15211
11943
13257
14723
3095
12558
3285
9930
16017
16161
7847
1313
10085
12340
8420
11095
13052
13555
17279
11245
9631
5072
9373
12669
15837
14311
2269
13104
13225
12374
16094
8598
1422
19617
15814
14528
17546
19651
10306
12469
1541
14756
7262
10794
14984
4607
16624
8434
7111
5538
4466
16634
17512
9037
10203
9475
9284
11877
13809
18039
6123
8563
3771
1109
4655
16105
9230
8212
15986
8266
7095
9126
15805
9918
16510
9096
1737
16546
11741
561
12364
3345
9354
9628
8314
9719
14946
12971
18671
58
14117
13289
8405
10483
4179
13280
15470
3690
1649
4636
2510
19229
15181
938
395
19659
16784
10339
14059
3870
10174
19381
2907
10292
17266
5993
14784
18907
4415
17408
19560
16285
10009
11300
15976
3949
19781
12758
2072
5822
18759
13256
3513
11007
13337
12957
7964
5086
7482
17610
13602
766
16895
3782
16867
9336
18764
10702
12564
10465
2860
1221
14268
4864
12800
13090
11958
4924
4532
1672
19638
12077
14315
4055
6952
12525
10000
17129
10467
14417
12228
18771
10237
15005
12277
18573
9487
13745
11856
4317
9980
18079
7385
5519
858
16427
4439
9033
7875
595
13744
8804
7799
9186
10970
9746
18374
1951
9120
15324
14775
14797
6944
9965
7830
2513
6732
5559
19704
7860
17170
11027
4700
15074
2233
11242
10296
18678
7956
1176
14158
15910
12717
9215
11490
11788
14826
14653
13332
4241
5424
7447
3401
7492
16084
1550
1009
14724
19345
10929
16671
5095
648
18004
11054
4975
727
15790
16147
8742
8169
13259
6860
331
7027
19152
8699
211
19004
19245
6343
1781
14598
3543
1438
10707
2868
2434
6830
4792
9420
17430
14945
6475
9506
15040
12357
14383
13110
12
11808
818
10976
19549
8184
9896
453
14503
19559
9848
3457
19208
18199
659
18553
18288
11100
17115
940
2739
9604
12779
15492
12025
15455
19408
4071
1400
7690
8222
8123
6363
5796
3677
6566
14340
13619
10967
11642
13475
5188
14425
1108
17401
10308
3229
12735
18417
13203
11511
16200
5835
4326
14886
1779
2553
2686
1040
1563
16885
555
3071
16560
4474
7529
12565
18031
15364
14446
1416
19053
19555
17701
4601
9410
15543
7961
7399
19108
10405
1238
3735
8961
17061
10303
18390
10057
12923
15964
13004
9019
10894
17700
28
15640
355
9621
3170
16732
19146
17996
11955
8524
5643
6865
14507
13172
3675
4224
964
6749
120
6794
4228
5579
328
4710
3281
2370
5522
2544
16068
18818
11077
16443
10871
2178
4898
5153
1209
12769
17203
14994
3123
78
9736
19132
3766
18714
12135
19147
10892
600
16272
4550
943
17962
13702
17128
14629
9314
15965
15210
1561
4869
10189
6213
13963
4541
1782
12159
1095
5544
1946
19219
19124
18368
677
10797
6789
1392
10661
752
15299
3737
2976
6694
3215
17233
9969
1770
18978
16421
10912
11675
3022
5401
7856
11204
10100
6875
13549
5191
4619
17049
16047
8719
14077
16979
8146
7968
4264
16303
10652
6825
8113
10111
701
6170
13544
8159
6870
18981
4423
6862
6986
4868
9490
4376
15401
9544
2926
18630
9825
9479
8733
17287
18000
4350
13987
3697
2013
16769
14576
5677
19527
13696
2147
8788
2705
15797
10086
14395
9699
15603
10955
17098
6841
10427
810
5317
13328
312
2073
9730
17269
17039
7734
885
9669
1790
19467
13412
10200
3454
8874
3895
17874
14418
12296
8249
18893
8012
12037
10591
14361
18701
7925
1468
9608
470
10550
2722
5419
13227
18339
14229
6041
2744
4569
11930
12079
2161
17667
4674
7456
9247
17718
14773
17149
12726
10116
6379
13624
17253
3876
1075
9307
3936
11725
18367
16813
7141
11224
4207
6713
9747
9644
2149
8511
18622
10114
9485
74
15572
19708
7339
12627
14105
10321
15685
16805
16988
14275
18560
2509
7281
9244
13850
18405
4067
9648
13274
17737
11434
3145
13346
13791
14359
11600
12104
5131
7926
17597
17812
540
4235
5507
16997
11857
14259
14474
11560
754
13165
16717
2542
6073
13793
12619
5218
16373
15830
237
4271
5875
6657
100
13196
16901
15469
12119
5362
4766
7503
14920
8793
15411
1308
1582
18001
2431
1044
17515
9749
5009
18164
1487
7633
10931
16176
10307
5795
5491
16702
618
3799
11797
12791
11588
1600
16497
1849
9807
1752
19750
2040
2083
7965
14506
546
6199
17191
17013
1356
5147
17189
8867
10737
18157
10694
6014
7169
175
19398
2208
18469
17626
3787
10417
16031
13942
9318
13443
19390
17009
2441
12267
1322
1603
9945
8014
10944
4065
1294
2000
16760
2063
1507
14013
1559
14377
5577
14476
12397
10688
18543
16683
17648
5611
19715
5335
9546
19495
4141
7938
3549
6016
6906
17278
6720
1235
16687
13484
10643
18781
2251
9217
3670
13517
15293
12255
19665
8505
15703
13838
9909
18123
947
11689
6985
13197
2970
13294
13932
3885
19475
17487
12811
11910
6697
12187
14644
17248
11079
17803
7131
6058
1840
1564
3673
19312
4311
4698
10750
3320
5192
10464
4468
4773
6575
16290
4709
847
12731
838
8740
11125
7532
16620
7759
4597
9609
5785
19784
18129
19238
604
13943
10270
17405
7225
2311
15437
15544
1982
8391
8677
11462
5728
2823
4551
5336
11437
4453
8186
12093
11353
3749
15780
17213
8001
17970
10986
11574
16519
9079
524
16666
9139
8450
17736
18254
14895
122
4366
16631
13015
2302
7397
11609
17249
5820
9197
11652
12203
18820
8880
3055
3566
48
10324
501
3185
17068
229
14337
12193
2824
8772
18231
3007
13829
4305
19415
1074
10942
15390
12953
7653
7210
2944
18292
10910
17196
8638
10362
4433
14526
4161
3117
17466
6878
17221
10260
11232
5322
14419
13562
2419
18012
7170
14654
14104
1017
13042
8540
7743
1928
18533
350
14457
223
6030
19230
19194
9179
14810
2500
18925
19614
564
9774
10367
8089
16024
14707
3385
3933
7959
2707
2790
3446
14858
3535
10920
15606
15019
11931
19671
17599
7525
821
10255
18970
8278
8273
15968
19151
10889
9023
12018
7645
16130
16474
2833
11238
10372
7406
16552
18961
8240
11940
12495
15225
9979
12526
7768
17246
4095
2689
1189
9285
4845
5210
3990
8060
10565
5676
15590
10950
16050
15742
15573
14762
18868
14196
15946
3880
16951
15482
12590
4934
18191
19061
11975
7746
14669
5235
3945
10121
2164
2886
10109
8714
8708
17569
15310
5666
172
639
12760
14429
18535
12832
5065
9335
1548
7435
15414
10932
10024
15702
16645
11878
8919
18919
14107
8418
9026
2486
9322
9582
14803
10713
12282
8257
16663
16426
2024
1872
354
5360
14001
15162
1164
18278
18635
3395
14711
15014
3127
9694
8501
13722
9383
7160
10563
4354
16064
18338
3587
12434
16673
10962
17894
10185
324
7890
5171
5648
6743
7398
3209
11267
12097
18073
14408
4752
8879
11356
2379
16612
14416
12361
8021
14004
6658
18364
8177
11620
7857
4421
1101
15006
13003
8609
8061
3250
12332
3557
709
118
10214
4598
2042
7419
6130
12493
317
17513
5315
16868
6606
18831
5003
6523
9573
13222
4273
5739
18253
5470
5816
14235
87
7630
4163
3382
10917
403
4911
11542
11422
9365
2765
6378
2241
14498
3483
15879
6310
9219
10397
17380
5517
2436
4689
16362
9470
13191
6856
15394
18252
6654
1425
5027
5281
17318
1502
11061
9799
10667
18450
678
6673
5851
7194
10095
13660
12390
5053
1850
6522
1070
13030
6784
10672
2772
3392
1099
7378
11034
1749
418
15281
5819
14322
10139
18045
10491
17786
14793
19646
8400
15774
15559
11978
13588
4893
8720
8971
722
5176
10153
1860
18346
1687
8498
18950
1992
10524
15733
16006
16010
13742
6117
3459
6567
18727
5670
9296
14184
2810
8949
5492
13976
16822
574
8449
17765
17300
9232
17801
15510
3625
17743
17223
18875
8695
6354
10514
16431
848
2248
5616
8564
18838
16763
8118
5303
4052
12129
10923
13170
18247
4076
997
4332
9368
11586
551
17845
4372
3497
13098
18655
8032
1407
15105
18257
17448
14785
15503
18705
693
10725
5011
3443
9174
11501
4175
4222
8283
10458
16849
15357
19204
261
19165
11529
5497
15809
4016
3626
14805
445
6752
5111
3555
10386
7338
3367
16075
11059
2526
16079
13389
16394
1168
4144
7892
8276
3149
14595
880
6747
9408
7572
19425
1467
8154
17010
6537
12153
452
12518
18379
4137
3039
4150
13587
13352
16470
579
6571
12024
7467
17057
18615
867
17769
4157
6349
13887
17012
402
4428
10276
3057
10190
7060
164
18596
10390
12494
11347
12212
3317
12118
7865
14273
12126
6851
1847
17696
1334
8779
18697
19303
8945
11256
18542
6997
706
3491
4573
17054
7706
7054
5580
12725
3151
6617
4784
11991
4022
14316
9266
16186
16579
11630
9118
16343
15662
2429
246
3815
19060
17800
9089
2262
10438
835
8624
16983
1173
18210
6437
18194
13958
15505
5289
15513
8098
16253
250
12815
7952
19655
7334
2793
14242
13102
7795
18391
3407
19720
11291
8625
14875
7422
8963
1997
4200
15655
16640
11326
5629
4002
14048
4753
18885
15904
19589
4196
9635
3681
3019
4310
7448
13113
3985
14735
9205
14173
2569
4402
4277
3666
8412
19760
2446
6821
12877
6520
16876
17437
8959
3172
1223
13611
16250
544
1204
13298
8613
9257
7242
2637
8761
13270
1388
17985
18600
877
10721
8388
98
11575
4379
11957
2803
11189
3908
10763
7688
16946
6496
18502
8447
19447
8075
6964
6479
4711
17127
12868
12476
989
18841
2682
13995
2508
13148
9702
4314
15241
13697
5356
6639
5972
9436
3734
14303
11196
12313
7787
18399
18621
10949
1876
14468
5262
8446
14307
12703
11163
5159
18075
14932
759
5481
654
5812
5288
2892
18590
5636
9612
3044
19069
10783
8520
16424
8445
7318
6159
17608
6022
5092
11211
11221
18530
18665
15395
1131
11137
3659
3326
9465
19722
2663
19033
5378
10012
9554
16558
5533
11673
4
4152
1927
13071
15052
10379
2880
5839
3381
9494
18585
4957
18587
18565
11305
5720
13134
15533
942
3235
3257
17309
17331
8368
8627
12964
308
1565
12156
6727
2135
14265
10861
18663
13938
13972
3874
17385
7393
2276
7072
12817
14910
18483
18742
2623
15551
12764
8534
19028
231
8371
19790
737
2838
13687
8216
15699
14843
14146
15926
5705
13695
9513
5935
10187
6495
755
15894
19265
8119
8992
19264
16459
6200
18722
69
5367
8084
5682
19057
19809
1680
7557
8569
9661
5961
2603
18192
7868
14540
5413
12697
12422
16316
11283
10918
8669
19192
2283
3732
9045
15630
8943
19291
14029
19596
16692
6620
19631
5127
9327
16460
12756
1545
739
11572
10875
1674
2567
6984
6795
19433
3518
13086
10546
4732
16003
773
865
8521
5200
17716
641
17514
13805
11089
3203
7288
12501
5204
9057
11177
19436
15396
6923
3840
16761
11998
11197
9154
17131
12921
6665
3240
18642
3309
10358
363
3723
11017
7670
11789
4726
8738
2940
471
1641
18669
17878
18133
14935
1172
15173
6085
18462
14790
3364
17790
13418
12665
1410
12479
15473
6666
11332
8634
18746
815
6500
7322
2131
1797
4575
5190
8167
3122
5365
12410
4275
523
3089
14780
11619
19834
18648
5253
17929
1532
11819
13572
11602
2831
8269
9727
7489
12071
13729
17395
16758
1299
6273
5499
14888
3276
9294
6230
1480
18202
1601
10151
5091
7067
16704
10987
17548
14912
18020
3661
6048
8747
4825
9355
5680
11549
12907
397
1537
2506
19778
14323
15912
14834
16455
300
3192
14384
7328
12486
13563
4185
2713
14929
11496
11334
18851
17215
18924
13147
4582
18941
7367
10681
14745
2511
7433
18011
9344
6965
1212
12695
7055
13207
2349
9261
16986
13928
16872
5427
16131
3426
8857
12854
7216
5994
8834
11070
3767
4272
19534
19227
786
11049
19818
15232
14400
6481
12379
7853
18716
16496
13016
2905
4626
13647
996
17426
154
7246
11468
6250
14722
8055
19402
5523
16522
7505
8926
156
15928
3085
17194
1552
14157
15700
11987
495
2321
912
14603
8777
151
14183
18852
16643
1364
1738
12455
9309
15570
6961
18883
2883
3720
7127
9533
10235
888
5471
3201
15660
10468
4823
4704
12653
343
19724
4136
3237
3188
4522
2223
12388
19079
2121
6858
992
13273
17560
15621
18645
15294
10252
7366
6257
4734
18488
1465
4593
18608
3565
12095
5840
283
19157
13474
11790
6175
16512
8911
4151
19529
14529
10313
13822
7376
13779
19734
13204
8861
15564
3161
2630
17728
3174
16181
17757
1203
6413
16411
616
10118
3114
10833
17903
17528
7481
17979
15043
14045
2728
18357
2460
10318
11810
18059
16025
1357
15452
7798
8997
12886
17491
7776
1590
19578
3140
12472
5338
8895
16381
13864
547
7118
7264
6937
26
1067
3918
12678
6604
5529
6678
5398
11360
13936
8081
9413
15519
10740
19347
437
14514
11112
18982
5269
1861
10891
16619
8316
10673
9225
1
2706
18300
8518
13327
5325
10691
9196
6957
7329
5966
17775
4011
534
15944
12152
5823
585
11875
12352
16757
14057
18940
19499
8683
9743
6362
9088
13806
6464
10148
17631
11740
19199
14341
1916
11377
18808
9697
8107
8082
1910
18050
14294
14044
1133
15762
15288
10710
16871
1317
4368
8313
17414
10641
14547
7325
6080
14445
2601
6568
17109
16203
2173
19092
12746
3605
13276
6429
12861
13668
7995
9142
3768
5077
12230
18886
9599
4631
14129
240
17048
18281
14222
10771
13601
11461
10930
7602
17901
1867
15230
19830
14110
2521
15943
1820
2410
8243
17673
6637
5187
16239
11769
4565
7942
18052
6391
2118
10050
3779
18522
4961
2809
498
11445
918
16189
13390
16916
8617
4284
18510
19640
228
14137
15815
2741
13329
11703
9271
19650
11113
6001
5718
4897
5583
18366
11845
7867
14836
14063
1128
15658
10523
10400
1567
10298
1706
7450
3153
10364
11523
15301
16808
512
6240
13182
7104
10566
9824
15273
10490
19615
12444
14006
2721
7445
7509
17392
8042
14200
14754
15174
17507
16304
11428
16449
13953
7236
6468
13286
16054
9053
17935
6054
16329
4225
2550
18760
13135
7440
18604
6768
15675
2681
6449
7951
18328
1045
13044
2644
4435
11357
11831
17742
4487
2061
4645
9112
11004
3775
18512
5596
18864
10741
9297
7265
16137
10573
18412
4174
8737
9216
18162
13040
14439
18447
10143
18850
8543
5607
983
8033
5480
5068
4797
15557
19083
10486
6947
4657
6414
16772
3150
15172
19177
4813
9265
5969
11891
13335
2939
12702
1340
19341
1391
15625
7437
14927
8802
16974
5806
17758
6146
9775
1412
14085
12002
2256
382
16853
6120
2212
5603
10814
6004
5417
4938
13434
3624
3158
4267
9158
463
1754
14879
14569
6380
3829
12674
378
11298
12995
17045
1335
13511
19557
2716
18438
17295
15620
19525
18900
17210
10003
6322
13639
14881
15823
1894
4661
7769
7090
6221
16950
16196
15059
18468
7037
11646
10570
13890
13999
14028
13941
6358
913
12805
3992
6691
17439
1030
9164
2220
11966
9488
1577
19080
9947
3793
16655
4327
18406
8302
19357
10544
7686
5731
2917
5586
7088
6326
1515
19328
11278
2371
3432
2263
4479
4239
18358
1390
893
1490
17830
10042
18080
8516
9407
2933
12881
18578
10937
18261
19068
11638
1129
11110
3084
7297
4588
12496
2795
8979
7601
798
6232
17463
2244
178
11469
11932
1174
13798
17731
10023
9830
790
18494
9973
11393
198
17941
12279
7675
13385
548
3339
12940
14862
18524
7465
11772
18226
18322
10506
17090
13277
18066
7533
13866
66
17329
4712
5214
11452
18137
5033
6915
2572
16469
16875
622
19681
6222
787
3332
19493
6008
16722
8334
18629
11472
15116
16698
13448
16891
14021
12478
515
478
13640
4476
9971
10839
18009
14237
6899
15724
1033
17596
2598
1514
6191
16949
7237
5753
2068
18471
8236
8536
5521
7915
1871
16266
4576
18140
7209
9856
11080
16270
4623
15269
4818
220
9953
12632
18628
12778
11389
14538
18089
2476
4248
6115
19034
10941
19653
6487
19496
10099
9456
12433
5650
14271
18973
16904
8052
19067
15055
19421
2881
1677
14401
6060
901
17394
7164
2296
11594
14218
8488
9713
17999
13848
14617
14120
8219
14580
17108
6772
17086
11923
11440
16572
17721
15798
7257
2580
7966
2156
4340
12936
9562
19716
10586
15794
13743
15082
5254
681
4530
12967
13614
3159
18248
2987
4908
1882
13991
18819
1940
3296
3534
5974
3729
5708
1181
1375
5014
11606
12351
626
4758
13957
10304
3560
6040
12372
17023
2841
4180
17303
14165
19476
2887
16338
4539
12706
12271
6453
9211
1366
12108
2639
1191
5602
18906
13921
5730
7204
5296
3197
19556
12979
2938
17220
16467
18534
10171
5979
11995
4534
18121
10065
11538
7669
7607
17351
6869
15107
15903
17224
12992
10472
14630
14136
12661
19591
5428
9190
12322
5266
3786
3510
1784
11374
13425
7116
18552
10046
16156
11052
2038
4041
9281
2897
8558
9041
15825
15891
16074
14390
2653
18041
5911
9733
14167
11161
8514
2031
5089
13560
813
7235
17657
10971
12755
6280
4206
13983
13466
1079
2226
17584
19014
17504
10897
17199
14313
3261
5649
11288
12421
3862
2936
8611
7080
3917
13679
9709
1689
17382
11728
305
4056
19385
2999
15410
9837
1231
9706
18236
16488
4321
9829
9030
2062
6470
19782
7500
6477
3899
19628
3567
11458
5452
11279
8022
13447
556
12738
12884
9906
17733
4270
8531
18371
4086
15713
3138
15391
588
3365
2670
5515
11781
19802
8220
2395
19180
5506
10094
2170
924
8134
15051
9081
11514
19282
11706
3124
5673
2774
7620
6559
11925
15060
9145
8456
12720
9846
15772
15581
19251
5798
19203
5982
12431
5882
9782
11348
11448
15239
15481
17376
2181
12670
6103
6748
15453
19634
11459
13009
9082
9401
18470
421
9963
9898
8465
171
3956
5606
5811
17754
8462
11380
1725
8938
1184
9756
9035
904
8346
18325
7797
9739
7396
6089
2080
7928
13853
18957
7933
19294
12177
9316
15908
2645
19480
9927
7211
4677
6533
12012
5209
2646
10073
17411
10622
17017
16536
12542
692
14115
6365
17505
2155
17001
7370
1301
7837
3715
8111
19536
5037
4399
3622
13840
4516
11294
7354
8750
14928
10767
1436
507
5275
12664
10061
5663
5402
5930
18948
8947
19641
12242
15930
12028
4386
12744
17561
10310
7680
17468
18376
8693
14444
643
15494
1539
9121
1211
17075
2560
13107
6106
13029
11569
12668
5615
390
12937
12617
1192
11985
10064
3590
6360
11350
12709
8697
8435
6719
13870
506
10857
946
14327
17780
14917
15012
15528
1773
13007
272
17974
8989
3618
2381
11021
7008
15475
9269
920
4633
8504
3569
8982
10668
15778
14312
15201
10762
13945
8557
14342
6448
5599
15864
12547
10355
3637
16880
8572
16727
9484
1912
14856
599
3892
12333
5540
1652
16893
8106
14189
1893
7833
19257
11587
16257
6502
4362
262
375
1966
3957
16387
12615
13543
5696
1243
8105
16043
17865
9663
3346
12714
2657
11045
12698
13353
19645
16956
15792
18689
5326
15827
6578
13862
2799
19689
18672
17467
7244
298
18677
9241
6770
3823
19393
7977
11463
2035
4039
12117
10164
16869
10291
13397
19777
14220
8844
8362
6828
7130
17615
14833
242
17888
13990
3144
1644
7371
15260
5594
16395
14466
17242
5231
2076
4103
7493
9043
12188
12993
5968
8320
17713
10297
3966
2240
19658
19263
15123
6754
16071
14041
14389
18148
12853
14246
7754
12895
14166
8832
9462
14877
2778
4603
4932
14252
1985
3861
11672
325
13956
10530
6394
12172
17238
18829
5229
12370
4571
13666
7454
1268
864
17906
4942
2253
6010
6911
17157
6998
371
609
4651
18213
18387
18741
19788
5919
14022
2364
11405
7148
13648
9103
10635
18862
3789
17011
12006
5581
16668
11367
5060
4218
8044
8671
662
8386
16418
12435
12451
11180
9311
2776
4535
13667
15532
19801
7189
13731
18072
15701
5573
6135
13461
4427
10553
5247
17229
3981
9943
7825
14180
11085
2669
3977
16626
279
13158
2172
10852
8718
7452
12856
9886
18786
13210
17146
11671
19041
12608
19197
4155
16361
4883
3809
16039
10079
8713
12488
16132
4683
7240
5543
11864
5593
12623
5672
13594
6897
4563
8376
15227
1269
12708
2350
8745
9589
1384
15331
9036
5856
13095
297
18680
19473
3867
15878
15538
2077
14209
12943
15131
19540
2842
2537
194
18122
7362
6636
9009
18902
4042
6553
10770
13929
6761
5300
18411
4654
320
7135
1371
19171
11984
2654
9099
8497
12142
13721
3398
10243
5002
16728
18245
244
8207
143
5983
8151
2363
17036
129
1161
17360
4282
5953
287
15779
9822
13650
15139
5308
10068
10680
15150
12671
18660
16753
8681
1170
18569
10374
19063
14831
6792
5929
15738
18119
1859
15316
18233
6781
15322
11780
1873
3121
8579
1311
1032
8339
16175
6382
13861
13128
12211
691
14179
6364
1909
9021
11690
10273
18785
19325
3939
17623
7108
14903
2965
3969
4926
16011
14947
13971
10266
6308
4159
3092
17603
12748
7954
5555
14874
12515
3982
16037
6940
18120
1404
3195
15242
6124
15741
969
17931
6543
11926
9117
12363
10076
12917
2843
2851
4815
18373
16755
1827
4471
16122
13374
17842
11818
1789
140
2059
13179
7143
15104
12205
1902
14407
4686
17174
8090
4922
6785
5877
17079
9548
75
6447
8430
4586
19419
13240
14597
19630
19049
15066
1012
12770
5874
8432
18150
11258
6197
9169
13097
14456
6401
5695
15119
16108
14838
15110
18217
7381
1620
13834
5578
10338
16719
16947
9549
1048
10152
6782
12662
15430
16243
16685
18407
19759
16204
1609
3096
18043
2415
17361
2017
2971
12317
14038
13567
18174
124
1106
13001
1814
18867
14586
14448
224
11533
8790
2123
19274
18182
972
2806
19376
2197
1216
11554
17417
15427
9170
808
15637
19753
17231
16978
16617
4906
3722
3177
13122
12734
2671
15392
9427
1764
4552
607
15234
16595
5737
2053
11158
3164
3075
6763
1657
19075
8069
2710
6316
7549
18566
6715
10972
5316
8849
19340
9673
2845
18685
11576
5244
1001
4198
2418
17604
3575
6726
3847
961
9772
15537
15626
10398
12458
3854
4887
12423
757
13058
18178
5313
2284
18246
13699
13501
14223
4827
15753
8378
807
3907
14333
15767
12750
7023
1956
10637
9343
12229
11404
17968
2402
1073
17759
12432
6524
13628
19011
19548
12719
19844
9890
1635
18234
10130
2466
7504
10658
1003
15086
7658
19144
17033
16012
16022
9677
19120
6289
13759
8901
15419
11795
985
11268
7982
6169
6049
7384
16615
19008
14905
17446
12293
16379
19253
9460
2462
7962
3580
12942
11708
71
9454
17942
6509
2821
4524
589
4591
13136
15933
19338
10841
10229
4624
5904
3758
6845
15918
2028
10850
16515
5454
17107
1449
15868
11454
19771
2432
16991
9828
4647
15614
896
7000
13558
16305
1719
3806
12893
16174
17197
7036
13756
13247
14279
890
15527
18879
4006
4939
5898
14365
17274
14011
8551
7616
10991
13882
584
11460
3932
13157
1260
16636
14391
14884
11500
6009
16599
4668
6646
3783
1008
18583
7409
11815
17339
9878
16513
12948
8721
90
1987
16924
17652
17613
7279
2672
10309
11129
9080
9175
7192
9517
18554
5043
8185
11406
5884
11744
17335
6589
13780
15381
627
13139
13272
15726
4765
9793
18291
128
17804
7299
13782
6995
2398
6305
18456
12747
10703
3354
10169
5314
9220
4247
11273
9107
1096
11159
1273
5698
10988
6797
9590
6615
3358
183
15615
12654
16746
9114
15235
6513
13255
6603
10686
10848
18126
1961
4992
4891
14007
8039
5869
9570
14587
5305
17267
1251
3176
13264
3359
16527
15546
19302
18474
6320
11481
16944
7411
12225
1051
12261
14519
11410
9221
10234
4763
9062
1874
19500
7282
11412
9008
6999
13682
19143
17930
16313
15714
8684
12901
13233
12629
4485
9783
11670
3924
9940
19350
18586
16226
15447
19592
15198
3303
14442
9536
1690
15565
11143
15598
19718
3308
1504
1806
3871
16098
3791
18658
2786
18179
13678
2696
1848
4512
14003
10623
12852
6622
3435
16399
13512
142
17298
11175
6992
18448
18044
14292
13482
15949
1117
14573
1756
12300
870
3357
9104
7678
10997
11265
886
18138
8347
4876
18196
18814
16439
5850
5447
1996
16502
2979
10165
10956
18221
2985
4620
11669
15909
3558
13907
11001
13053
19007
14248
13438
3416
17348
13488
19373
14079
4482
11145
11874
9759
10245
14520
14141
15356
8597
2785
13548
5570
9949
6263
14821
3258
13383
11395
4405
1630
1881
14523
13900
5074
9040
19355
186
11971
5558
7185
4143
17458
17959
13638
6587
1234
14031
844
5201
7124
11994
18035
2440
4774
6974
2153
17831
13223
5067
18289
687
5208
11029
776
8417
6327
6324
13750
4920
18575
3318
18268
5462
17614
3183
18421
6381
18800
1289
12773
18484
10692
19387
18928
12318
11905
12158
1879
18356
16162
5457
11349
2148
4131
15408
16302
4134
649
6711
861
13404
9095
191
8301
6026
19162
1942
18997
8775
14119
10232
7972
18272
6628
17784
12851
15263
16996
4145
10515
1094
1546
6034
9116
15709
6953
13232
15627
13620
6419
3805
18593
10846
16016
7431
15160
14062
2259
17316
13384
5630
3327
7382
13492
16738
18870
975
2566
5866
13117
9133
13455
6582
12915
2387
19598
7129
7175
11413
11115
7605
14145
9136
1857
3255
2690
14501
7389
4627
1319
19738
12192
1135
11667
4749
10669
15056
7086
12017
9941
17670
19727
6336
6982
15423
13120
10066
17616
570
3414
19737
18285
16352
7031
6837
13878
19608
12170
4383
9229
14232
7845
18835
5780
4996
3262
2587
650
6039
7082
17556
4478
5660
9788
10776
12626
11388
19259
13519
7609
3839
15715
991
8305
10701
11678
165
15947
6644
17341
14282
9141
11962
10698
2850
16981
19829
17574
12638
19762
7002
4460
10697
9306
18312
9867
11539
14362
2735
5669
12031
4988
1205
2378
12742
365
2103
13528
11141
689
1837
8799
15228
1093
16182
6718
19702
12679
160
203
6483
9555
18817
4933
11126
19813
15796
7957
11142
18959
15737
16918
13440
12226
2725
10744
19378
383
13680
15071
12945
4886
857
370
2561
3801
10832
5455
10539
10973
10625
954
15399
2575
6410
3340
9897
18938
18403
11748
15935
19511
11663
16925
11705
2972
18362
4678
3612
8235
19730
11577
16372
15788
3439
1892
6457
249
15560
18932
1505
670
19311
17346
897
16319
8026
11385
18445
10813
14394
18994
10562
11996
531
8181
18336
19574
18377
8923
6328
2565
2581
8575
10674
19348
2104
19186
4994
5057
658
4434
13510
3816
11186
9579
10738
10664
19310
2679
14360
3700
15746
1788
3645
1776
192
9012
13414
19547
16153
4951
4390
11164
4927
10799
17591
238
19156
11169
19611
5618
9137
16922
5097
16919
14247
3552
19822
3360
8328
5628
10602
5783
18307
12174
146
15093
17088
16038
7178
11803
9928
12961
18296
8306
19353
7081
14570
4733
4384
18969
11510
1647
15731
11862
11134
6968
17085
18013
17993
2594
6972
15721
9763
15748
8758
17474
6296
14387
3606
11707
2187
195
2032
5103
1637
8312
11173
8003
8326
10751
7829
17960
12855
5488
10748
12013
869
1993
11949
10558
1629
19179
5119
1134
859
18429
19024
19394
11336
7817
1920
18859
18273
3849
16194
10825
5755
7162
14256
11737
10561
201
18962
6432
7846
12253
887
6261
6989
10808
8160
17496
18293
8566
10758
3731
11599
10578
19017
4796
4769
1907
8560
174
508
166
1914
10728
1104
11156
152
17406
18409
18053
15088
18887
10179
11580
13926
3832
17489
17679
15523
14270
12327
2468
9583
7812
6297
12996
1772
10593
1913
8307
19300
2451
19812
2176
16953
15514
19644
18427
3642
17077
5451
9797
13979
5085
1757
19751
19832
11185
18857
15384
17966
17052
10197
3841
14562
16363
16992
18058
15372
12180
18418
1948
18392
5793
19774
14087
159
7190
3701
18430
18425
18375
3363
12306
2490
7084
12991
12982
7166
14072
1627
11181
19336
4458
16028
16390
9342
12336
1628
9101
17676
3744
5443
4615
17668
16018
18899
4492
5410
14567
7156
10178
4493
13947
19160
16013
17332
9122
7950
16021
5433
17053
12150
13937
16391
10183
5774
18890
16009
19603
16376
7999
13930
6256
14566
6251
14571
14291
16377
7993
12168
5772
16393
17347
17301
17343
17317
